  -1.0967994e-02   6.9420284e-02
   2.2049188e-03   3.1173512e-02
  -4.3945039e-04  -3.4526354e-02
  -5.5151058e-03   6.2506322e-02
   2.3467963e-03  -8.4458268e-02
  -9.1129265e-03   3.7014656e-02
  -1.1089174e-02  -1.7120157e-02
   3.9260197e-03  -2.6853976e-02
   1.1160685e-02  -8.8504375e-02
  -7.9576634e-03   9.8006367e-02
  -6.5398474e-01   6.7118441e-02
  -6.5857858e-01   9.5758004e-02
  -6.6696852e-01  -3.8239405e-02
  -6.6461168e-01  -1.8941607e-01
  -6.5581936e-01  -2.1256172e-01
  -6.6493522e-01  -2.1922389e-01
  -6.5504130e-01  -3.1101343e-01
  -6.5814451e-01  -4.1596672e-01
  -6.5368606e-01  -3.2664206e-01
  -6.5369490e-01  -5.5995471e-01
  -6.6481715e-01  -5.7493408e-01
  -6.6243741e-01  -5.4403041e-01
  -6.6257266e-01  -6.0304221e-01
  -6.6069613e-01  -7.0405683e-01
  -6.6099165e-01  -8.1192219e-01
  -6.5544375e-01  -6.9783561e-01
  -6.7421412e-01  -7.7911807e-01
  -6.6188367e-01  -7.5733262e-01
  -6.5291543e-01  -8.1346389e-01
  -6.6027337e-01  -9.0512443e-01
  -6.5876721e-01  -9.2030274e-01
  -6.5941873e-01  -9.2503472e-01
  -6.5723847e-01  -9.2053287e-01
  -6.5978648e-01  -1.0246868e+00
  -6.7368342e-01  -9.8519356e-01
  -6.6774386e-01  -1.0249700e+00
  -6.5261514e-01  -9.8877655e-01
  -6.6255397e-01  -1.0618206e+00
  -6.6290657e-01  -9.6870618e-01
  -6.6101182e-01  -1.1591500e+00
  -6.6521701e-01  -1.1467526e+00
  -6.7323181e-01  -1.0927719e+00
  -6.7763675e-01  -1.0884396e+00
  -6.7740884e-01  -1.0926698e+00
  -6.7169747e-01  -1.1052687e+00
  -6.7339827e-01  -1.1613959e+00
  -6.7208674e-01  -1.0444906e+00
  -6.7107211e-01  -1.1848645e+00
  -6.5550308e-01  -1.2300224e+00
  -6.7045109e-01  -1.1633055e+00
  -6.6547894e-01  -1.0695266e+00
  -6.5355022e-01  -1.1507567e+00
  -6.7098636e-01  -1.1626371e+00
  -6.7552083e-01  -1.1056158e+00
  -6.6054998e-01  -1.2454982e+00
  -6.7404916e-01  -1.1386261e+00
  -6.7663949e-01  -1.1557745e+00
  -6.7398503e-01  -1.2426850e+00
  -6.6475296e-01  -1.2981264e+00
  -6.5470101e-01  -1.2733222e+00
  -6.6076772e-01  -1.1900194e+00
  -6.7025419e-01  -1.1455515e+00
  -6.7231004e-01  -1.2925521e+00
  -6.6803865e-01  -1.1123095e+00
  -6.6569272e-01  -1.1820110e+00
  -6.5919358e-01  -1.1570435e+00
  -6.6337954e-01  -1.2616907e+00
  -6.5428172e-01  -1.2934937e+00
  -6.5868648e-01  -1.1886293e+00
  -6.6186337e-01  -1.1984693e+00
  -6.6641076e-01  -1.3012791e+00
  -6.7288418e-01  -1.1557799e+00
  -6.5895491e-01  -1.1775800e+00
  -6.6809967e-01  -1.1737160e+00
  -6.6033062e-01  -1.3046047e+00
  -6.6206805e-01  -1.2568487e+00
  -6.7340637e-01  -1.1448567e+00
  -6.5938548e-01  -1.2050069e+00
  -6.7651230e-01  -1.2702685e+00
   8.6941243e-01  -1.1451212e+00
   8.6717412e-01  -1.2600773e+00
   8.7034789e-01  -9.4891945e-01
   8.6813601e-01  -6.6261058e-01
   8.6378342e-01  -4.8882218e-01
   8.4777971e-01  -1.6618805e-02
   8.6629589e-01   3.4818939e-01
   8.5210752e-01   6.6837741e-01
   8.6498556e-01   1.0400015e+00
   8.5880194e-01   1.3049344e+00
   8.7020323e-01   1.6325510e+00
   8.7322771e-01   1.8801992e+00
   8.5050045e-01   2.0818622e+00
   8.4853046e-01   2.2529856e+00
   8.5276348e-01   2.5232832e+00
   8.6956021e-01   2.7768737e+00
   8.6500179e-01   2.8046098e+00
   8.6582681e-01   3.0556508e+00
   8.6216646e-01   3.2745120e+00
   8.6659873e-01   3.3644847e+00
   8.4971560e-01   3.4573438e+00
   8.6162676e-01   3.5745411e+00
   8.5317263e-01   3.7250845e+00
   8.6976714e-01   3.8269872e+00
   8.6361912e-01   3.8818563e+00
   8.6635087e-01   4.0230651e+00
   8.6023014e-01   4.1230329e+00
   8.7362653e-01   4.2400266e+00
   8.6547037e-01   4.2464550e+00
   8.7103447e-01   4.2794938e+00
   8.6629283e-01   4.5187599e+00
   8.5024141e-01   4.5264887e+00
   8.7142750e-01   4.5499942e+00
   8.6284145e-01   4.6342819e+00
   8.7329313e-01   4.6583111e+00
   8.6777563e-01   4.7644167e+00
   8.5006569e-01   4.7760306e+00
   8.4969541e-01   4.7979707e+00
   8.6955120e-01   4.8793333e+00
   8.6400457e-01   4.7670448e+00
   8.5626346e-01   4.9349582e+00
   8.4989083e-01   4.8832727e+00
   8.6406573e-01   4.9026951e+00
   8.7108225e-01   4.9535077e+00
   8.7112331e-01   4.9786836e+00
   8.5828779e-01   5.0423051e+00
   8.5060153e-01   4.9562118e+00
   8.6387450e-01   5.0472465e+00
   8.4911797e-01   5.0161223e+00
   8.6335567e-01   5.1186412e+00
   8.6024369e-01   5.0927993e+00
   8.6105673e-01   5.0453059e+00
   8.6911311e-01   5.1303252e+00
   8.7205847e-01   5.0851667e+00
   8.5342122e-01   5.1006743e+00
   8.4878567e-01   5.0248381e+00
   8.6004561e-01   5.1494392e+00
   8.5608878e-01   5.1559553e+00
   8.6080507e-01   5.0839155e+00
   8.4939215e-01   5.0693392e+00
   8.6032581e-01   5.2086661e+00
   8.7197762e-01   5.2589003e+00
   8.6535457e-01   5.2047232e+00
   8.5957657e-01   5.2688606e+00
   8.5488944e-01   5.2045896e+00
   8.6418457e-01   5.2552581e+00
   8.4884419e-01   5.1054815e+00
   8.6636920e-01   5.2659272e+00
   8.5249841e-01   5.1504275e+00
  -4.3072986e-01   5.2891684e+00
  -4.3718523e-01   5.2866524e+00
  -4.1384196e-01   4.9343328e+00
  -4.2097639e-01   4.7164895e+00
  -4.3651866e-01   4.4447171e+00
  -4.3702474e-01   3.9520092e+00
  -4.2674472e-01   3.5447314e+00
  -4.1355973e-01   3.3198550e+00
  -4.2783126e-01   3.0507993e+00
  -4.3101770e-01   2.5696048e+00
  -4.1376878e-01   2.2862394e+00
  -4.1449876e-01   2.1886066e+00
  -4.3716817e-01   1.9218871e+00
  -4.1893361e-01   1.6651754e+00
  -4.3393766e-01   1.3291091e+00
  -4.3734712e-01   1.1988110e+00
  -4.3419819e-01   1.0041912e+00
  -4.2197574e-01   9.5009734e-01
  -4.1813912e-01   6.6794189e-01
  -4.1880120e-01   4.8213615e-01
  -4.1391625e-01   3.8995978e-01
  -4.3626785e-01   3.6848693e-01
  -4.3111624e-01   2.1851600e-01
  -4.2975668e-01   1.4342415e-02
  -4.2742716e-01   2.4621559e-02
  -4.2131045e-01  -4.4791383e-02
  -4.2268629e-01  -2.1547085e-01
  -4.1967711e-01  -3.1513722e-01
  -4.3121147e-01  -4.1803062e-01
  -4.3082210e-01  -5.0399859e-01
  -4.2501159e-01  -4.3567480e-01
  -4.3087102e-01  -6.3325248e-01
  -4.1349839e-01  -5.2679270e-01
  -4.2626316e-01  -5.9599210e-01
  -4.3038636e-01  -7.0054544e-01
  -4.2422795e-01  -8.3344825e-01
  -4.2881119e-01  -8.2798952e-01
  -4.2713706e-01  -9.2964078e-01
  -4.2397690e-01  -7.9816503e-01
  -4.2523878e-01  -9.4080927e-01
  -4.3763611e-01  -9.1173628e-01
  -4.3601177e-01  -1.0497164e+00
  -4.1349285e-01  -1.0542608e+00
  -4.2988906e-01  -1.1184985e+00
  -4.3773135e-01  -1.1050060e+00
  -4.3642064e-01  -1.0916422e+00
  -4.3769631e-01  -1.1820551e+00
  -4.3746720e-01  -1.1456477e+00
  -4.3632648e-01  -1.0314579e+00
  -4.3090636e-01  -1.0786833e+00
  -4.1819722e-01  -1.1475980e+00
  -4.2514514e-01  -1.1182676e+00
  -4.3250322e-01  -1.1307684e+00
  -4.3816551e-01  -1.1934973e+00
  -4.2241412e-01  -1.1337816e+00
  -4.3826783e-01  -1.1306010e+00
  -4.2779424e-01  -1.2082230e+00
  -4.1568611e-01  -1.2996521e+00
  -4.3828895e-01  -1.2819812e+00
  -4.1428448e-01  -1.2798679e+00
  -4.3828366e-01  -1.3097472e+00
  -4.2651529e-01  -1.2928430e+00
  -4.3638116e-01  -1.2583989e+00
  -4.2830498e-01  -1.2120435e+00
  -4.2547773e-01  -1.2107952e+00
  -4.2950392e-01  -1.3075561e+00
  -4.3442400e-01  -1.3284147e+00
  -4.3505320e-01  -1.2176965e+00
  -4.3477120e-01  -1.3006289e+00
  -6.9867663e-01  -1.3141702e+00
  -6.9729916e-01  -1.2774574e+00
  -6.8589805e-01  -1.2732386e+00
  -6.8006651e-01  -1.2133390e+00
  -6.8241378e-01  -1.2794349e+00
  -7.0332459e-01  -1.2315425e+00
  -6.9951357e-01  -1.2658418e+00
  -6.9932941e-01  -1.2368954e+00
  -6.8729707e-01  -1.2448666e+00
  -6.8084570e-01  -1.3276521e+00
  -7.0159916e-01  -1.2753541e+00
  -6.9249236e-01  -1.2929496e+00
  -6.9851650e-01  -1.2302679e+00
  -6.8618567e-01  -1.2210027e+00
  -6.8673931e-01  -1.2188061e+00
  -6.8736863e-01  -1.2116272e+00
  -6.9605404e-01  -1.2699084e+00
  -6.8001638e-01  -1.1039485e+00
  -6.9218359e-01  -1.2396320e+00
  -7.0078566e-01  -1.1303584e+00
  -7.0181561e-01  -1.1235209e+00
  -6.7806671e-01  -1.1862748e+00
  -6.9017804e-01  -1.1420224e+00
  -6.8860637e-01  -1.1564541e+00
  -6.9062864e-01  -1.1750178e+00
  -7.0196018e-01  -1.1290531e+00
  -6.9084128e-01  -1.1246690e+00
  -6.9850756e-01  -1.2208731e+00
  -7.0213431e-01  -1.2670474e+00
  -7.0348449e-01  -1.2115842e+00
  -6.8407975e-01  -1.0914404e+00
  -6.9313467e-01  -1.0806632e+00
  -6.9526731e-01  -1.1535381e+00
  -6.9244411e-01  -1.1520748e+00
  -6.8831676e-01  -1.2016020e+00
  -6.8170131e-01  -1.1188789e+00
  -6.8549327e-01  -1.1344933e+00
  -6.7893301e-01  -1.1435919e+00
  -6.9760320e-01  -1.2188692e+00
  -6.9997880e-01  -1.0586885e+00
  -6.9438164e-01  -1.2520928e+00
  -7.0028323e-01  -1.2414527e+00
  -7.0292427e-01  -1.0859348e+00
  -6.8231776e-01  -1.1737489e+00
  -6.9351007e-01  -1.1312711e+00
  -6.7897095e-01  -1.0859293e+00
  -6.8657790e-01  -1.1331858e+00
  -6.9468013e-01  -1.2236500e+00
  -6.9302037e-01  -1.0642116e+00
  -6.7813682e-01  -1.1881446e+00
  -6.9208661e-01  -1.2002715e+00
  -6.8090372e-01  -1.1112161e+00
  -7.0048323e-01  -1.1124809e+00
  -6.8610176e-01  -1.0656261e+00
  -6.8560000e-01  -1.0668008e+00
  -6.9916641e-01  -1.2454903e+00
  -6.9851005e-01  -1.1139725e+00
  -6.9285531e-01  -1.1126660e+00
  -6.8995932e-01  -1.0807923e+00
  -6.7885550e-01  -1.0519208e+00
  -6.8652427e-01  -1.2452200e+00
  -6.8897320e-01  -1.0587937e+00
  -6.9359872e-01  -1.1281547e+00
  -6.8164484e-01  -1.0931686e+00
  -7.0134223e-01  -1.2316649e+00
  -6.8985905e-01  -1.1352169e+00
  -6.9718126e-01  -1.1032784e+00
  -6.7905656e-01  -1.2192693e+00
  -6.9084983e-01  -1.2291083e+00
  -7.0605398e-01  -1.2021569e+00
  -7.0726221e-01  -1.1018143e+00
  -7.2026185e-01  -1.1950309e+00
  -7.0406728e-01  -1.2392081e+00
  -7.1608820e-01  -1.1436583e+00
  -7.2008928e-01  -1.0822907e+00
  -7.1906857e-01  -1.0687760e+00
  -7.0265487e-01  -1.1560112e+00
  -7.0256245e-01  -1.0530840e+00
  -7.1644312e-01  -1.1253584e+00
  -7.2070529e-01  -1.1192883e+00
  -7.1408430e-01  -1.1266681e+00
  -6.9792151e-01  -1.0899660e+00
  -7.1940951e-01  -1.0394841e+00
  -7.1354939e-01  -1.1575615e+00
  -7.1654156e-01  -1.0308632e+00
  -7.0604561e-01  -1.0162548e+00
  -7.1677824e-01  -1.0642195e+00
  -7.0279277e-01  -1.0172459e+00
  -7.1407109e-01  -1.0140863e+00
  -7.0554770e-01  -1.0803382e+00
  -7.0421697e-01  -1.1209485e+00
  -7.1264723e-01  -1.0293589e+00
  -7.1825203e-01  -1.1107243e+00
  -7.2245987e-01  -1.1145030e+00
  -7.1498819e-01  -1.0779726e+00
  -7.0395012e-01  -1.0671873e+00
  -7.1815970e-01  -9.9691355e-01
  -7.1741279e-01  -1.0299883e+00
  -7.2050387e-01  -1.0570229e+00
  -7.2031725e-01  -1.1417637e+00
  -7.1172702e-01  -1.1601239e+00
  -7.2091682e-01  -1.0059728e+00
  -7.2128726e-01  -1.0018220e+00
  -7.0264188e-01  -9.7761932e-01
  -7.1824181e-01  -1.1264963e+00
  -7.1710955e-01  -9.8750387e-01
  -7.1244913e-01  -1.1230259e+00
  -7.1662591e-01  -1.1619755e+00
  -7.0961008e-01  -1.0285961e+00
  -7.2340966e-01  -1.1657914e+00
  -7.0097010e-01  -1.0147843e+00
  -7.1875514e-01  -1.0318621e+00
  -7.0513950e-01  -9.8495571e-01
  -7.1718997e-01  -1.0402609e+00
  -7.1436972e-01  -1.1227509e+00
  -6.9843842e-01  -1.0684979e+00
  -6.9780815e-01  -1.1453149e+00
  -7.1126066e-01  -1.0325208e+00
  -7.2100178e-01  -1.0663648e+00
  -7.0720336e-01  -1.1188491e+00
  -7.2021883e-01  -9.9022927e-01
  -7.1114710e-01  -9.7612684e-01
  -7.0055200e-01  -1.0049924e+00
  -7.1513095e-01  -1.0066256e+00
  -7.1168259e-01  -1.0013418e+00
  -7.0371636e-01  -1.0950609e+00
  -7.2091412e-01  -1.0745621e+00
  -7.1964708e-01  -1.0823433e+00
  -6.9773342e-01  -1.0267744e+00
  -7.0624206e-01  -1.0747288e+00
  -6.9790640e-01  -9.7642485e-01
  -7.1106942e-01  -1.0999028e+00
  -7.0060676e-01  -1.0194712e+00
  -7.0180377e-01  -1.1320017e+00
  -7.1194130e-01  -9.7315071e-01
  -7.0978233e-01  -1.0325546e+00
  -6.9896071e-01  -1.0044542e+00
  -7.0779671e-01  -1.0641633e+00
   3.5048844e-02  -1.0035941e+00
   4.4050100e-02  -1.1153392e+00
   3.4413105e-02  -9.3164807e-01
   3.4584977e-02  -1.0480852e+00
   4.3133255e-02  -9.7976243e-01
   5.0515087e-02  -9.2266067e-01
   5.0248289e-02  -8.0026197e-01
   3.4879735e-02  -6.1336844e-01
   3.5040027e-02  -5.7732744e-01
   4.0396856e-02  -5.9059967e-01
   5.5304517e-02  -6.1466841e-01
   3.4872405e-02  -5.4148489e-01
   4.6732687e-02  -5.0232302e-01
   4.8763613e-02  -3.6127994e-01
   4.4426012e-02  -2.9845848e-01
   5.4962897e-02  -3.5899369e-01
   3.2304428e-02  -2.5257497e-01
   2.9968946e-02  -2.4219200e-01
   3.2806951e-02  -1.3835165e-01
   4.0742764e-02  -2.9086033e-01
   3.7097258e-02  -2.6621134e-01
   4.1958373e-02  -1.8157165e-01
   3.2323033e-02  -1.0312505e-01
   4.0951182e-02  -6.3025899e-02
   2.9923355e-02  -1.0685057e-01
   5.4631475e-02  -6.4920803e-02
   3.0325832e-02  -1.5012121e-01
   4.7160353e-02   3.5105438e-02
   4.7134672e-02   6.8331352e-02
   5.5133977e-02  -9.9493936e-02
   4.0259822e-02   8.1400391e-02
   4.8335533e-02   8.9530005e-02
   3.3352897e-02   1.0425303e-01
   3.4030115e-02  -4.1976950e-02
   3.1017302e-02   3.4190577e-02
   4.4357335e-02   1.3578974e-01
   5.2658089e-02   4.2470815e-02
   3.8203696e-02   2.8941030e-02
   3.7982925e-02   1.0504323e-01
   4.6295550e-02   1.3086607e-01
   5.1593490e-02   9.8045535e-02
   3.2421382e-02   2.9728153e-02
   4.7501099e-02   1.3571219e-01
   5.3361589e-02   4.9434063e-02
   4.6309158e-02   6.3351260e-02
   4.3883651e-02   1.8490843e-01
   5.4463489e-02   8.5069767e-02
   5.2042663e-02   2.0216561e-01
   3.6356564e-02   1.3214625e-01
   4.3924437e-02   6.8630939e-02
   2.9908093e-02   8.2418121e-02
   3.7468193e-02   1.2494981e-01
   3.8912804e-02   2.7232477e-02
   3.7009090e-02   4.0352891e-02
   4.0970238e-02   8.4371203e-02
   3.5810269e-02   9.2144369e-02
   4.3736279e-02   1.6669778e-01
   3.7291617e-02   1.1266345e-01
   4.0918476e-02   2.1124089e-01
   4.3264750e-02   9.5703141e-02
   5.1032094e-02   2.3018253e-01
   4.7784544e-02   1.5378505e-01
   2.9743285e-02   1.9608083e-01
   4.0523758e-02   1.4794081e-01
   5.2132763e-02   1.8533436e-01
   5.2372864e-02   1.7051287e-01
   4.7969544e-02   1.3490481e-01
   5.1451564e-02   1.6078861e-01
   5.0670015e-02   1.0141880e-01
   1.8603487e-01   2.1807350e-01
   1.9620280e-01   1.9173134e-01
   2.0798066e-01   1.8183660e-01
   1.9454410e-01   2.7446963e-01
   1.9816136e-01   3.1884456e-01
   1.9672238e-01   2.6569541e-01
   2.0951140e-01   2.5015429e-01
   2.0581103e-01   2.7715099e-01
   1.8760132e-01   3.2031705e-01
   1.9153713e-01   3.0973900e-01
   2.0039276e-01   4.0990131e-01
   2.0964285e-01   4.9743161e-01
   1.9740791e-01   3.9404113e-01
   2.0887732e-01   4.3110239e-01
   2.0110676e-01   4.4199261e-01
   2.0268414e-01   4.9818646e-01
   1.9638796e-01   4.8686637e-01
   1.8819152e-01   5.7109567e-01
   1.8684539e-01   4.7894185e-01
   2.0099397e-01   6.4564772e-01
   2.0872479e-01   6.1210932e-01
   1.8785778e-01   6.5951142e-01
   1.8979964e-01   6.8302425e-01
   1.8843486e-01   5.1707005e-01
   2.0039231e-01   6.7038958e-01
   1.8831047e-01   5.8283298e-01
   1.9268957e-01   5.3449097e-01
   1.8939693e-01   7.2333321e-01
   1.9811055e-01   7.3784284e-01
   1.8535509e-01   6.6964120e-01
   2.0660159e-01   6.6207197e-01
   2.0546345e-01   6.9644902e-01
   2.0008328e-01   6.4283832e-01
   2.0497811e-01   7.5335796e-01
   2.0716555e-01   6.8081209e-01
   2.0265497e-01   7.0417243e-01
   2.0043221e-01   6.7466605e-01
   1.8590957e-01   7.6662028e-01
   2.0672463e-01   7.2577276e-01
   2.1012534e-01   6.5614028e-01
   1.9855480e-01   7.2178569e-01
   1.9840144e-01   6.7273821e-01
   2.0208785e-01   6.7034993e-01
   1.8630749e-01   6.3435519e-01
   2.0497776e-01   6.9727117e-01
   2.0303111e-01   6.1451192e-01
   2.0724035e-01   7.9118472e-01
   2.0691511e-01   7.8316750e-01
   1.9705766e-01   6.9284125e-01
   2.0758913e-01   6.5851074e-01
   2.0001953e-01   7.3526172e-01
   1.9069749e-01   7.4773315e-01
   2.0671014e-01   7.7058465e-01
   1.9194334e-01   6.6232277e-01
   2.0067679e-01   7.0259719e-01
   2.0266372e-01   6.5609222e-01
   1.9607349e-01   6.4753860e-01
   1.9914747e-01   7.0426583e-01
   1.9551041e-01   6.7748741e-01
   2.0137794e-01   6.5583693e-01
   2.0578768e-01   7.3274538e-01
   1.9283966e-01   7.0956443e-01
   2.0302850e-01   8.1412932e-01
   1.9655840e-01   7.6617542e-01
   1.9899575e-01   7.7892831e-01
   2.0964082e-01   7.0831154e-01
   1.9378823e-01   6.8380208e-01
   2.0548448e-01   6.4987454e-01
   1.8936794e-01   6.4499575e-01
  -6.8012906e-01   6.4192534e-01
  -6.8016839e-01   7.2919864e-01
  -6.7470803e-01   7.3125538e-01
  -6.7959919e-01   5.7788527e-01
  -6.7827252e-01   4.9956109e-01
  -6.7956959e-01   4.6474095e-01
  -6.9170478e-01   2.8971123e-01
  -6.8650936e-01   1.3811611e-01
  -6.7018217e-01   1.4611247e-01
  -6.8820083e-01   1.9403900e-02
  -6.7968026e-01  -1.7399361e-01
  -6.7145880e-01  -1.6791362e-01
  -6.6800494e-01  -3.0750981e-01
  -6.7140135e-01  -3.0943134e-01
  -6.8295527e-01  -3.2229520e-01
  -6.7403757e-01  -5.1364581e-01
  -6.9290238e-01  -5.8400964e-01
  -6.8721332e-01  -6.0080574e-01
  -6.7597378e-01  -6.5861694e-01
  -6.8103702e-01  -6.9340366e-01
  -6.7034515e-01  -7.6218571e-01
  -6.7488303e-01  -7.5140072e-01
  -6.8874834e-01  -8.3356542e-01
  -6.8710033e-01  -7.3669583e-01
  -6.8617521e-01  -7.3107381e-01
  -6.8591468e-01  -7.3315314e-01
  -6.7779824e-01  -8.4401611e-01
  -6.6992194e-01  -8.5987452e-01
  -6.8481685e-01  -9.3144417e-01
  -6.8273320e-01  -9.2999157e-01
  -6.7029968e-01  -1.0178056e+00
  -6.6979020e-01  -1.0561934e+00
  -6.8290312e-01  -8.8911159e-01
  -6.7299546e-01  -9.7117284e-01
  -6.7899977e-01  -9.7227106e-01
  -6.7823966e-01  -1.0865050e+00
  -6.9343285e-01  -1.0886563e+00
  -6.6796121e-01  -1.0821922e+00
  -6.8601155e-01  -1.1268331e+00
  -6.7264931e-01  -1.0545698e+00
  -6.8755985e-01  -1.0137853e+00
  -6.7405995e-01  -1.0747436e+00
  -6.7823055e-01  -1.0428451e+00
  -6.7559950e-01  -1.1265129e+00
  -6.7809039e-01  -1.1378743e+00
  -6.7722701e-01  -1.1211159e+00
  -6.7605042e-01  -1.2056703e+00
  -6.7337064e-01  -1.0638816e+00
  -6.7225111e-01  -1.2122995e+00
  -6.8202916e-01  -1.2250578e+00
  -6.8445925e-01  -1.0460885e+00
  -6.8052180e-01  -1.1205799e+00
  -6.8700294e-01  -1.0715801e+00
  -6.8967059e-01  -1.0852264e+00
  -6.8504174e-01  -1.0496941e+00
  -6.8725086e-01  -1.2398219e+00
  -6.7154255e-01  -1.0671826e+00
  -6.8616339e-01  -1.1778558e+00
  -6.8894368e-01  -1.1012532e+00
  -6.8611179e-01  -1.2391081e+00
  -6.7125069e-01  -1.1318063e+00
  -6.8480370e-01  -1.2074766e+00
  -6.7021731e-01  -1.2489866e+00
  -6.8206426e-01  -1.2593145e+00
  -6.7112171e-01  -1.1548141e+00
  -6.9141390e-01  -1.1210101e+00
  -6.9278969e-01  -1.2153196e+00
  -6.7868952e-01  -1.2516907e+00
  -6.8448670e-01  -1.1028875e+00
   2.9153020e-01  -1.1925545e+00
   2.9484380e-01  -1.2227629e+00
   2.9814058e-01  -1.1005371e+00
   2.9596952e-01  -9.6115384e-01
   2.9920702e-01  -8.4190791e-01
   2.8614647e-01  -7.6574567e-01
   2.8643116e-01  -6.1602626e-01
   2.9659118e-01  -5.3876082e-01
   2.9094686e-01  -4.0033601e-01
   3.0819506e-01  -3.5845966e-01
   2.9683816e-01  -2.0835620e-01
   2.8844053e-01  -1.3348145e-01
   2.8640709e-01  -1.6612894e-02
   2.9722188e-01   1.3794487e-01
   2.8828398e-01   1.5540338e-01
   2.8386741e-01   2.7323175e-01
   2.9440039e-01   3.0400662e-01
   3.0024586e-01   4.1385199e-01
   2.8636204e-01   3.5917316e-01
   3.0349190e-01   4.9555288e-01
   2.8484768e-01   3.9782460e-01
   2.9816466e-01   5.4266532e-01
   3.0219459e-01   6.7115328e-01
   2.8836053e-01   5.9251213e-01
   3.0619454e-01   6.2926906e-01
   2.8889605e-01   6.0373723e-01
   3.0786819e-01   7.4181307e-01
   2.8396810e-01   7.1062806e-01
   2.9941883e-01   6.8347596e-01
   3.0537110e-01   8.8184554e-01
   2.8970126e-01   8.5061297e-01
   2.8964661e-01   7.9398441e-01
   2.9519609e-01   7.9917928e-01
   2.8772483e-01   9.3946926e-01
   2.9274460e-01   9.3932103e-01
   2.9089560e-01   8.2810933e-01
   2.9822792e-01   9.5800138e-01
   2.9047820e-01   8.7723130e-01
   2.9305828e-01   1.0178910e+00
   2.9534373e-01   1.0208336e+00
   2.9953125e-01   1.0578993e+00
   2.8315226e-01   9.4438954e-01
   3.0597090e-01   9.7693698e-01
   2.9869888e-01   1.0133115e+00
   2.9751643e-01   1.0119637e+00
   2.8938157e-01   9.2481414e-01
   3.0670225e-01   9.3162411e-01
   2.8317505e-01   1.1079932e+00
   2.8557284e-01   9.9334981e-01
   2.8984842e-01   1.0380214e+00
   2.9762925e-01   1.1210272e+00
   3.0325251e-01   1.0909295e+00
   2.9245299e-01   1.0953391e+00
   3.0177428e-01   1.0991106e+00
   2.8351203e-01   9.9462820e-01
   2.8865780e-01   1.0067221e+00
   2.8474816e-01   1.1154375e+00
   2.8668104e-01   1.0597551e+00
   2.9312029e-01   1.0280199e+00
   2.9272181e-01   1.0437585e+00
   3.0712575e-01   1.1170353e+00
   2.9635032e-01   1.1107373e+00
   3.0324812e-01   1.0496901e+00
   3.0801962e-01   1.1287257e+00
   3.0363533e-01   1.0881410e+00
   2.9969078e-01   1.0479967e+00
   3.0668646e-01   1.0227622e+00
   3.0638658e-01   1.0785822e+00
   2.8397913e-01   1.1273689e+00
   8.8010171e-01   1.0565750e+00
   8.6678830e-01   9.9552632e-01
   8.8259830e-01   1.1964807e+00
   8.6799938e-01   1.5135291e+00
   8.8238680e-01   1.7629039e+00
   8.8839197e-01   1.9110038e+00
   8.8041574e-01   2.0694274e+00
   8.7109201e-01   2.4120704e+00
   8.7447355e-01   2.5798683e+00
   8.8783114e-01   2.8823283e+00
   8.7004412e-01   2.8977350e+00
   8.8466789e-01   3.2406389e+00
   8.7851604e-01   3.4078955e+00
   8.8087024e-01   3.5624246e+00
   8.7678437e-01   3.6363533e+00
   8.6610596e-01   3.6594303e+00
   8.7029739e-01   3.9263551e+00
   8.6886629e-01   3.9323917e+00
   8.6679739e-01   4.0511477e+00
   8.7060753e-01   4.2291995e+00
   8.8168020e-01   4.3637244e+00
   8.7181697e-01   4.3371705e+00
   8.7747559e-01   4.3962943e+00
   8.7123268e-01   4.5350574e+00
   8.6521487e-01   4.6012309e+00
   8.7899088e-01   4.5687063e+00
   8.8227863e-01   4.6299747e+00
   8.6887319e-01   4.7540987e+00
   8.6993359e-01   4.8177283e+00
   8.6411331e-01   4.7686476e+00
   8.6372079e-01   4.9294424e+00
   8.6375682e-01   5.0420450e+00
   8.6867861e-01   5.0159138e+00
   8.8667728e-01   5.0990316e+00
   8.8449676e-01   5.0482855e+00
   8.7189489e-01   5.1736010e+00
   8.8675261e-01   5.1752240e+00
   8.8008447e-01   5.2318244e+00
   8.7649413e-01   5.1935098e+00
   8.7723169e-01   5.1484443e+00
   8.6756277e-01   5.3030972e+00
   8.7017746e-01   5.2647919e+00
   8.7397813e-01   5.1981351e+00
   8.7772526e-01   5.2342433e+00
   8.7146293e-01   5.2026897e+00
   8.6694389e-01   5.1962713e+00
   8.8572734e-01   5.2875437e+00
   8.6707237e-01   5.3197211e+00
   8.8799335e-01   5.2347757e+00
   8.8709426e-01   5.2913313e+00
   8.7302484e-01   5.3374443e+00
   8.8570707e-01   5.3968220e+00
   8.8486946e-01   5.2931872e+00
   8.8201672e-01   5.3148821e+00
   8.7452479e-01   5.2950817e+00
   8.7045398e-01   5.4690043e+00
   8.8886234e-01   5.3136355e+00
   8.7938551e-01   5.3266150e+00
   8.8285541e-01   5.3411586e+00
   8.6313638e-01   5.4527928e+00
   8.7497303e-01   5.4593236e+00
   8.8661851e-01   5.3631729e+00
   8.7252817e-01   5.3354640e+00
   8.8464714e-01   5.3711598e+00
   8.6501952e-01   5.4615801e+00
   8.8585580e-01   5.4040125e+00
   8.7670069e-01   5.3932935e+00
   8.7331619e-01   5.4155806e+00
   8.6793152e-01   5.5210741e+00
  -2.4903265e-01   5.4138240e+00
  -2.5110703e-01   5.5019933e+00
  -2.5966992e-01   5.1742681e+00
  -2.4718429e-01   4.9497951e+00
  -2.4709289e-01   4.6051987e+00
  -2.4282372e-01   4.1934373e+00
  -2.5585500e-01   3.8436647e+00
  -2.5380936e-01   3.6311258e+00
  -2.4579444e-01   3.2828792e+00
  -2.5411265e-01   2.9895754e+00
  -2.5214449e-01   2.7565978e+00
  -2.4751326e-01   2.5190815e+00
  -2.4763301e-01   2.3002243e+00
  -2.5558779e-01   1.9738165e+00
  -2.6159928e-01   1.8143150e+00
  -2.5763244e-01   1.5820257e+00
  -2.4136367e-01   1.4621311e+00
  -2.4094357e-01   1.3371892e+00
  -2.4778874e-01   1.0653240e+00
  -2.5236634e-01   9.3734157e-01
  -2.5082574e-01   7.3107506e-01
  -2.5895708e-01   6.0374276e-01
  -2.4777110e-01   6.4411724e-01
  -2.4506063e-01   3.7833748e-01
  -2.5705669e-01   3.5066733e-01
  -2.4580151e-01   2.0609061e-01
  -2.4197129e-01   1.6962107e-01
  -2.5878164e-01   3.2531011e-02
  -2.4640618e-01  -4.9869562e-02
  -2.6148119e-01  -8.4851374e-02
  -2.6117806e-01  -1.0275583e-01
  -2.5674822e-01  -8.9000839e-02
  -2.5593975e-01  -1.5834760e-01
  -2.4194472e-01  -3.2762961e-01
  -2.4990659e-01  -3.8417724e-01
  -2.6422239e-01  -3.7626218e-01
  -2.6256123e-01  -3.0786130e-01
  -2.4947320e-01  -3.4643452e-01
  -2.5738968e-01  -3.7092098e-01
  -2.4795570e-01  -4.1107306e-01
  -2.4713072e-01  -5.2641852e-01
  -2.5863192e-01  -5.0873842e-01
  -2.5530527e-01  -5.5145953e-01
  -2.4204945e-01  -5.0427962e-01
  -2.4172181e-01  -5.1747919e-01
  -2.6383368e-01  -6.4035472e-01
  -2.4430456e-01  -6.1790172e-01
  -2.5569162e-01  -6.6461220e-01
  -2.4872156e-01  -6.6898160e-01
  -2.6044327e-01  -6.6365793e-01
  -2.5075466e-01  -7.7741990e-01
  -2.4264933e-01  -8.0180154e-01
  -2.5931019e-01  -8.3910621e-01
  -2.6080879e-01  -8.0868711e-01
  -2.4639032e-01  -6.7882033e-01
  -2.4172445e-01  -7.9555269e-01
  -2.6021914e-01  -7.8961174e-01
  -2.5079732e-01  -7.8924503e-01
  -2.5127662e-01  -8.0126019e-01
  -2.6110571e-01  -8.3541209e-01
  -2.5646791e-01  -7.8143864e-01
  -2.4047485e-01  -7.8904335e-01
  -2.4817573e-01  -8.0062155e-01
  -2.4841184e-01  -7.9581235e-01
  -2.5838622e-01  -9.3143002e-01
  -2.4272976e-01  -7.6593710e-01
  -2.4229788e-01  -9.0931132e-01
  -2.5710748e-01  -8.8195098e-01
  -2.4104043e-01  -9.1631920e-01
   1.3273414e-01  -9.1894548e-01
   1.2380100e-01  -9.3128493e-01
   1.4544883e-01  -8.8457157e-01
   1.4380289e-01  -7.6947933e-01
   1.3567515e-01  -6.7306058e-01
   1.3625262e-01  -6.9984766e-01
   1.2425647e-01  -5.7049626e-01
   1.3416035e-01  -3.6654882e-01
   1.3924501e-01  -3.1015921e-01
   1.3317809e-01  -2.6231198e-01
   1.3783633e-01  -3.3856975e-01
   1.4180118e-01  -1.8695407e-01
   1.2494767e-01  -7.9253588e-02
   1.4782447e-01  -3.5058621e-02
   1.2437214e-01  -8.5660588e-02
   1.3993859e-01  -2.9739640e-02
   1.3367024e-01  -6.4699439e-02
   1.2645747e-01   1.0231931e-01
   1.3483017e-01   3.1538451e-02
   1.4687958e-01   1.6109644e-01
   1.3814091e-01   6.2981727e-02
   1.4131137e-01   7.4931566e-02
   1.3679561e-01   2.6380539e-01
   1.4337649e-01   2.7553100e-01
   1.3225420e-01   2.2657703e-01
   1.3634936e-01   3.0481744e-01
   1.4349893e-01   2.7102136e-01
   1.4160448e-01   2.5550200e-01
   1.3663088e-01   3.4389554e-01
   1.4429685e-01   2.9322479e-01
   1.4062799e-01   3.3887663e-01
   1.3597124e-01   3.2376032e-01
   1.3678779e-01   3.4074354e-01
   1.2720157e-01   2.8414370e-01
   1.3231343e-01   4.6673854e-01
   1.4495313e-01   3.2676845e-01
   1.3403307e-01   3.9464864e-01
   1.3833226e-01   4.7422608e-01
   1.3323505e-01   3.9133782e-01
   1.2713305e-01   4.1955393e-01
   1.3771158e-01   4.5077680e-01
   1.4409264e-01   5.0992561e-01
   1.2830626e-01   4.3447189e-01
   1.3244441e-01   3.4501357e-01
   1.2807179e-01   4.5866357e-01
   1.4234876e-01   4.2100960e-01
   1.4839627e-01   4.4307941e-01
   1.4677143e-01   5.3149027e-01
   1.4134832e-01   4.7025024e-01
   1.3728699e-01   4.1748643e-01
   1.2755942e-01   4.0938693e-01
   1.4042738e-01   5.4750171e-01
   1.4106631e-01   4.4071505e-01
   1.3685690e-01   4.7188584e-01
   1.3671649e-01   5.1944112e-01
   1.4718142e-01   3.9005917e-01
   1.3629337e-01   4.6206194e-01
   1.4152282e-01   4.9039597e-01
   1.4423856e-01   4.3308740e-01
   1.3903142e-01   3.9429886e-01
   1.2289887e-01   5.7356237e-01
   1.3138470e-01   5.5727330e-01
   1.3458679e-01   4.0960465e-01
   1.3275700e-01   4.5441929e-01
   1.2688680e-01   4.8121343e-01
   1.4256318e-01   3.9829847e-01
   1.2939032e-01   5.8875527e-01
   1.3839405e-01   4.1620732e-01
   1.4090759e-01   5.6327649e-01
  -2.3656942e-01   3.9749539e-01
  -2.3887292e-01   5.1005032e-01
  -2.4746873e-01   5.3924847e-01
  -2.5322155e-01   4.2373024e-01
  -2.3831492e-01   2.9115822e-01
  -2.5888810e-01   3.0993845e-01
  -2.4457602e-01   1.9397312e-01
  -2.4881967e-01   3.0894258e-02
  -2.3650956e-01  -2.1666565e-02
  -2.4962578e-01   1.1690558e-03
  -2.4787135e-01  -1.2358763e-02
  -2.5126646e-01  -1.5099449e-01
  -2.5502472e-01  -2.0098940e-01
  -2.6052275e-01  -3.3657337e-01
  -2.4986640e-01  -2.4941007e-01
  -2.5752234e-01  -3.7854339e-01
  -2.5376023e-01  -3.5175795e-01
  -2.5759548e-01  -5.0908074e-01
  -2.5613027e-01  -3.8060286e-01
  -2.4556235e-01  -5.3034712e-01
  -2.3716627e-01  -5.8217325e-01
  -2.5392849e-01  -5.2401681e-01
  -2.6062252e-01  -4.7187423e-01
  -2.5392917e-01  -5.2160408e-01
  -2.3817748e-01  -5.2232580e-01
  -2.4530069e-01  -7.1662480e-01
  -2.4634522e-01  -6.6821863e-01
  -2.4763578e-01  -6.1778402e-01
  -2.5972900e-01  -7.6488769e-01
  -2.3536516e-01  -7.5966078e-01
  -2.5912923e-01  -6.1518509e-01
  -2.5027742e-01  -7.5660103e-01
  -2.5254538e-01  -7.8416809e-01
  -2.4580478e-01  -7.0576766e-01
  -2.4551620e-01  -8.1084834e-01
  -2.5228927e-01  -8.0437679e-01
  -2.3814316e-01  -8.1751490e-01
  -2.5763808e-01  -8.4560486e-01
  -2.5152215e-01  -7.2913383e-01
  -2.3516333e-01  -8.3164883e-01
  -2.4416303e-01  -7.8637934e-01
  -2.6061266e-01  -8.0849919e-01
  -2.3559353e-01  -8.2539030e-01
  -2.3530407e-01  -9.1641227e-01
  -2.4849187e-01  -8.0367087e-01
  -2.4437316e-01  -7.4594165e-01
  -2.5263587e-01  -7.7286752e-01
  -2.5448609e-01  -7.8617396e-01
  -2.5072994e-01  -8.8776807e-01
  -2.3593638e-01  -7.5548960e-01
  -2.5072080e-01  -8.3278106e-01
  -2.3527714e-01  -7.9652212e-01
  -2.5288501e-01  -8.2238352e-01
  -2.4449547e-01  -7.9184806e-01
  -2.5965576e-01  -7.8608260e-01
  -2.5930522e-01  -8.4045132e-01
  -2.4932702e-01  -8.6781111e-01
  -2.5076199e-01  -7.6324648e-01
  -2.5817576e-01  -8.0094476e-01
  -2.4755076e-01  -8.5034348e-01
  -2.3670227e-01  -9.0593330e-01
  -2.6083066e-01  -7.6899291e-01
  -2.5243051e-01  -7.9862830e-01
  -2.5136308e-01  -9.1619069e-01
  -2.5452054e-01  -9.3914230e-01
  -2.6035496e-01  -9.0875593e-01
  -2.4437057e-01  -8.0399072e-01
  -2.5144835e-01  -8.5444496e-01
  -2.4142815e-01  -9.0901116e-01
  -5.1877831e-01  -9.5060758e-01
  -5.2452784e-01  -9.6499134e-01
  -5.3258054e-01  -8.7301366e-01
  -5.0786129e-01  -9.8058305e-01
  -5.1273584e-01  -1.0352757e+00
  -5.1865824e-01  -9.3183862e-01
  -5.0882218e-01  -9.9575963e-01
  -5.2710644e-01  -9.7414353e-01
  -5.0782942e-01  -1.1612579e+00
  -5.2241980e-01  -1.0351324e+00
  -5.2034697e-01  -1.1246612e+00
  -5.1703769e-01  -1.2100337e+00
  -5.1952765e-01  -1.2470889e+00
  -5.1370446e-01  -1.1003907e+00
  -5.2270295e-01  -1.2215378e+00
  -5.0729605e-01  -1.1935297e+00
  -5.0740206e-01  -1.1350484e+00
  -5.1026132e-01  -1.2809455e+00
  -5.1153794e-01  -1.2090717e+00
  -5.3271475e-01  -1.2572225e+00
  -5.2960425e-01  -1.3368159e+00
  -5.0771484e-01  -1.3426453e+00
  -5.2625706e-01  -1.3339812e+00
  -5.1173289e-01  -1.2959825e+00
  -5.2948454e-01  -1.2494282e+00
  -5.2291033e-01  -1.3752648e+00
  -5.3020838e-01  -1.2704754e+00
  -5.3076724e-01  -1.3563883e+00
  -5.2751711e-01  -1.2783306e+00
  -5.1020039e-01  -1.2653728e+00
  -5.2823701e-01  -1.2937833e+00
  -5.2719780e-01  -1.3492608e+00
  -5.0937865e-01  -1.4457367e+00
  -5.2389627e-01  -1.2925267e+00
  -5.0926395e-01  -1.3426876e+00
  -5.1913943e-01  -1.3857347e+00
  -5.0921158e-01  -1.4882334e+00
  -5.2989704e-01  -1.4157207e+00
  -5.1148598e-01  -1.4399898e+00
  -5.2656961e-01  -1.4359566e+00
  -5.2663433e-01  -1.3502469e+00
  -5.2545756e-01  -1.3959063e+00
  -5.2734001e-01  -1.4564872e+00
  -5.1310023e-01  -1.3541367e+00
  -5.1200299e-01  -1.4286684e+00
  -5.1073703e-01  -1.4308149e+00
  -5.2269444e-01  -1.4598440e+00
  -5.1826598e-01  -1.4677985e+00
  -5.1353493e-01  -1.4434469e+00
  -5.2625432e-01  -1.4040405e+00
  -5.1807843e-01  -1.4059637e+00
  -5.2925557e-01  -1.5036580e+00
  -5.2187663e-01  -1.4299902e+00
  -5.2185331e-01  -1.4322332e+00
  -5.2236778e-01  -1.3839716e+00
  -5.2926840e-01  -1.5227004e+00
  -5.2565622e-01  -1.3909185e+00
  -5.0981963e-01  -1.3468779e+00
  -5.2209778e-01  -1.4667904e+00
  -5.3269118e-01  -1.5082259e+00
  -5.1204823e-01  -1.3690923e+00
  -5.2753151e-01  -1.5292016e+00
  -5.0959159e-01  -1.4503909e+00
  -5.0961656e-01  -1.4042963e+00
  -5.1575359e-01  -1.4418670e+00
  -5.3265565e-01  -1.5134504e+00
  -5.2564047e-01  -1.4162129e+00
  -5.2456677e-01  -1.5144826e+00
  -5.2288155e-01  -1.4030166e+00
   6.6771230e-02  -1.4186164e+00
   7.6400904e-02  -1.4235044e+00
   5.5492913e-02  -1.3172770e+00
   7.1173622e-02  -1.2604430e+00
   6.6630678e-02  -1.2414963e+00
   5.9479239e-02  -1.1043149e+00
   5.8999453e-02  -1.0111094e+00
   7.6002376e-02  -1.0078011e+00
   6.3882731e-02  -9.5100544e-01
   8.0064170e-02  -8.0074867e-01
   6.8702380e-02  -7.5231848e-01
   6.8324787e-02  -5.4275254e-01
   5.7958024e-02  -5.3007495e-01
   6.8630088e-02  -4.3535717e-01
   7.8148806e-02  -3.7489854e-01
   6.6138255e-02  -3.9432813e-01
   5.6698196e-02  -2.6290942e-01
   7.3313814e-02  -2.8707527e-01
   7.7300337e-02  -2.8179916e-01
   7.8472083e-02  -1.4473325e-01
   7.7652764e-02  -2.9103292e-01
   6.0256094e-02  -1.0667085e-01
   7.1052200e-02  -6.1608916e-02
   5.7104349e-02  -2.1110548e-01
   5.8721945e-02   1.7552252e-03
   6.6986896e-02   2.8273888e-03
   6.8670708e-02  -3.1438872e-02
   7.2389435e-02   3.9028783e-03
   7.7280446e-02   1.5011783e-02
   7.5905470e-02  -2.0448106e-02
   6.6188918e-02   1.3020624e-01
   7.8125387e-02   1.1485020e-02
   6.3077487e-02   1.4617571e-01
   7.1584351e-02  -2.2179018e-02
   7.8787358e-02   1.6417648e-01
   5.4750601e-02   1.8153034e-01
   7.5899741e-02   1.1426968e-01
   7.3954036e-02   1.6217565e-01
   7.2754288e-02   8.3820062e-02
   6.9756043e-02   1.1623846e-01
   7.3039860e-02   1.5497014e-01
   7.7567057e-02   2.2228490e-01
   7.5849588e-02   8.7197424e-02
   7.5077572e-02   1.4211412e-01
   5.6661612e-02   1.5031983e-01
   6.6655316e-02   2.2523526e-01
   6.4865231e-02   1.9495341e-01
   5.6020876e-02   1.7173870e-01
   6.2035467e-02   2.8829884e-01
   6.0732589e-02   1.1585845e-01
   7.8750835e-02   2.3514220e-01
   7.5577682e-02   2.6442373e-01
   5.6580377e-02   2.7100657e-01
   6.3829209e-02   1.3633736e-01
   6.3647864e-02   2.3911779e-01
   6.0157594e-02   1.6027942e-01
   7.7980782e-02   2.4880808e-01
   7.5074213e-02   1.9891952e-01
   5.5183723e-02   1.7532863e-01
   6.9860756e-02   2.3044145e-01
   7.0964295e-02   2.8249999e-01
   5.8229892e-02   3.2555215e-01
   5.7564432e-02   2.1411490e-01
   5.8203140e-02   3.1252773e-01
   6.4504721e-02   2.7073294e-01
   7.3282081e-02   3.0898775e-01
   6.9482302e-02   1.3821525e-01
   6.3958971e-02   3.1498407e-01
   6.8248485e-02   2.5364748e-01
   4.4692425e-01   2.4692473e-01
   4.4680424e-01   2.9881015e-01
   4.5425129e-01   3.0519378e-01
   4.6417133e-01   3.1087497e-01
   4.5601709e-01   5.1878986e-01
   4.5362995e-01   4.9293229e-01
   4.4308342e-01   5.7182453e-01
   4.5513478e-01   6.8679083e-01
   4.6725761e-01   7.5233573e-01
   4.6572609e-01   9.4638656e-01
   4.6161137e-01   9.4244834e-01
   4.4860644e-01   9.9485398e-01
   4.5890062e-01   9.6881536e-01
   4.6674716e-01   1.1101007e+00
   4.6269965e-01   1.1511612e+00
   4.6297409e-01   1.1588228e+00
   4.5131572e-01   1.1894309e+00
   4.6703431e-01   1.3588466e+00
   4.6201828e-01   1.3876685e+00
   4.5463246e-01   1.3361823e+00
   4.6326991e-01   1.4693925e+00
   4.6490261e-01   1.4361509e+00
   4.4280851e-01   1.4782894e+00
   4.6518078e-01   1.4577638e+00
   4.4558712e-01   1.5711416e+00
   4.5375189e-01   1.5757335e+00
   4.6632399e-01   1.5469827e+00
   4.5941642e-01   1.6283503e+00
   4.5106869e-01   1.5380776e+00
   4.6675837e-01   1.5156832e+00
   4.6463457e-01   1.5908696e+00
   4.4723423e-01   1.7217332e+00
   4.5954898e-01   1.6586768e+00
   4.6058303e-01   1.7214318e+00
   4.5122492e-01   1.7581351e+00
   4.6769816e-01   1.6615226e+00
   4.5725948e-01   1.6118231e+00
   4.6494605e-01   1.7336107e+00
   4.5166186e-01   1.6306858e+00
   4.4952777e-01   1.6771398e+00
   4.6347888e-01   1.7507686e+00
   4.5066363e-01   1.7593470e+00
   4.5888751e-01   1.8182226e+00
   4.4451852e-01   1.8212594e+00
   4.5738125e-01   1.7664693e+00
   4.6576610e-01   1.6947353e+00
   4.5455312e-01   1.7333538e+00
   4.6139517e-01   1.6554569e+00
   4.5308113e-01   1.6863338e+00
   4.6484913e-01   1.7114274e+00
   4.5737856e-01   1.7857168e+00
   4.4795838e-01   1.6731545e+00
   4.4436143e-01   1.8214827e+00
   4.5312283e-01   1.8042670e+00
   4.4687293e-01   1.7386094e+00
   4.5171912e-01   1.8652195e+00
   4.5195386e-01   1.8603473e+00
   4.6483195e-01   1.7739871e+00
   4.6189416e-01   1.8382100e+00
   4.4992500e-01   1.7360894e+00
   4.5349824e-01   1.7804887e+00
   4.6308647e-01   1.7980697e+00
   4.6150681e-01   1.8232395e+00
   4.4783925e-01   1.6933926e+00
   4.5564198e-01   1.8024227e+00
   4.6393751e-01   1.7044157e+00
   4.4643254e-01   1.8896369e+00
   4.6119139e-01   1.7841578e+00
   4.5158099e-01   1.8083029e+00
   4.0170884e-01   1.7399320e+00
   4.0841448e-01   1.8874574e+00
   3.9983010e-01   1.7707055e+00
   4.0995713e-01   1.8207028e+00
   4.0943120e-01   1.7099967e+00
   4.0102917e-01   1.7611699e+00
   4.2057911e-01   1.7744378e+00
   4.0486133e-01   1.8241550e+00
   4.0251777e-01   1.6646791e+00
   3.9726543e-01   1.7641121e+00
   3.9991703e-01   1.7833107e+00
   4.1793216e-01   1.6426541e+00
   4.1640110e-01   1.6406244e+00
   4.1825484e-01   1.6400364e+00
   3.9928883e-01   1.6142744e+00
   4.0768864e-01   1.7470668e+00
   4.0922756e-01   1.6479119e+00
   4.1789535e-01   1.6067376e+00
   4.0384168e-01   1.7118106e+00
   4.0424118e-01   1.7346350e+00
   3.9561712e-01   1.5466900e+00
   3.9989018e-01   1.7256137e+00
   4.1114176e-01   1.5707044e+00
   3.9838595e-01   1.5950265e+00
   4.0898012e-01   1.5767126e+00
   3.9951531e-01   1.5710273e+00
   4.0264750e-01   1.6450304e+00
   4.0560339e-01   1.6105918e+00
   4.0091798e-01   1.6987386e+00
   4.2098776e-01   1.5368606e+00
   4.0818254e-01   1.5575910e+00
   4.0860385e-01   1.6725931e+00
   3.9819631e-01   1.5852928e+00
   3.9616922e-01   1.6741955e+00
   4.0304185e-01   1.6655640e+00
   4.0584826e-01   1.5833705e+00
   4.0693276e-01   1.6859130e+00
   3.9587517e-01   1.6086797e+00
   4.0428655e-01   1.5065746e+00
   3.9988851e-01   1.6868761e+00
   4.1410748e-01   1.6417058e+00
   4.0329742e-01   1.6683846e+00
   3.9687281e-01   1.5205231e+00
   4.1738559e-01   1.6297123e+00
   4.1671587e-01   1.6370901e+00
   4.1239405e-01   1.5338509e+00
   4.0944506e-01   1.5064413e+00
   4.1680812e-01   1.5341964e+00
   4.0510763e-01   1.5581706e+00
   4.1999793e-01   1.5703039e+00
   4.0075305e-01   1.5502672e+00
   4.0597705e-01   1.5891822e+00
   4.0008489e-01   1.5689845e+00
   3.9986300e-01   1.6251750e+00
   4.0801082e-01   1.6523419e+00
   4.0845331e-01   1.5528521e+00
   4.2064732e-01   1.6563475e+00
   4.0683605e-01   1.6762348e+00
   4.0023428e-01   1.6834381e+00
   4.0625060e-01   1.5787335e+00
   4.1797148e-01   1.6797563e+00
   4.1281805e-01   1.5550162e+00
   3.9789310e-01   1.6581961e+00
   4.2098349e-01   1.5333440e+00
   4.1073795e-01   1.5331484e+00
   4.1385456e-01   1.6306358e+00
   3.9621543e-01   1.4920077e+00
   4.1029507e-01   1.5450743e+00
   4.1951300e-01   1.6005765e+00
  -3.2788051e-01   1.6170547e+00
  -3.0905019e-01   1.6713974e+00
  -3.0839890e-01   1.4636447e+00
  -3.1831281e-01   1.4217552e+00
  -3.0879910e-01   1.1983774e+00
  -3.1806958e-01   1.1356816e+00
  -3.3003869e-01   9.6387814e-01
  -3.2977858e-01   7.1619230e-01
  -3.2889049e-01   7.2299374e-01
  -3.3169570e-01   5.1922201e-01
  -3.0788293e-01   3.6957787e-01
  -3.0735109e-01   2.2962277e-01
  -3.1442764e-01   2.6045149e-01
  -3.0808389e-01   1.9522584e-01
  -3.1755506e-01   8.1211087e-02
  -3.1929607e-01  -1.1882489e-02
  -3.1440159e-01  -9.1990136e-02
  -3.1074482e-01  -1.6013082e-01
  -3.2206444e-01  -3.5190107e-01
  -3.2516423e-01  -2.7623422e-01
  -3.0954121e-01  -3.9971886e-01
  -3.1216390e-01  -4.6326516e-01
  -3.2371368e-01  -5.3656347e-01
  -3.2303304e-01  -5.5142667e-01
  -3.2760736e-01  -4.7908237e-01
  -3.1110296e-01  -6.7880425e-01
  -3.2035772e-01  -7.0944102e-01
  -3.3062371e-01  -6.8001662e-01
  -3.1175672e-01  -6.9515928e-01
  -3.2934074e-01  -6.5801339e-01
  -3.1997059e-01  -6.8675448e-01
  -3.0936317e-01  -8.2587435e-01
  -3.0855307e-01  -8.9002862e-01
  -3.0685896e-01  -9.1008941e-01
  -3.0888826e-01  -8.5117223e-01
  -3.2298860e-01  -8.1377792e-01
  -3.0662565e-01  -9.7668662e-01
  -3.1364948e-01  -9.6872017e-01
  -3.2535014e-01  -9.4858387e-01
  -3.2895360e-01  -9.2634136e-01
  -3.2574649e-01  -1.0090028e+00
  -3.2415097e-01  -1.0016425e+00
  -3.1139194e-01  -1.0303898e+00
  -3.1360918e-01  -9.7429799e-01
  -3.1825772e-01  -1.0028772e+00
  -3.2073179e-01  -9.2322296e-01
  -3.2186432e-01  -9.9102528e-01
  -3.2175620e-01  -1.0356142e+00
  -3.0950333e-01  -9.1024446e-01
  -3.3115009e-01  -9.2020665e-01
  -3.1031023e-01  -1.0070695e+00
  -3.1241316e-01  -1.0167646e+00
  -3.1515098e-01  -1.0200310e+00
  -3.1425527e-01  -9.6530816e-01
  -3.3116504e-01  -9.7044386e-01
  -3.2291871e-01  -1.1450462e+00
  -3.0760236e-01  -1.0458841e+00
  -3.2139252e-01  -1.0820634e+00
  -3.0592286e-01  -1.1369649e+00
  -3.2262903e-01  -1.1096014e+00
  -3.1213410e-01  -9.6680538e-01
  -3.2725094e-01  -1.1481740e+00
  -3.1863129e-01  -1.0642669e+00
  -3.2393379e-01  -1.1273923e+00
  -3.2846518e-01  -1.1407115e+00
  -3.2841141e-01  -1.0587502e+00
  -3.1332237e-01  -1.0462862e+00
  -3.0829345e-01  -1.1275354e+00
  -3.2852795e-01  -1.0982298e+00
  -1.6672665e-01  -1.0278005e+00
  -1.5099803e-01  -1.0457103e+00
  -1.5096459e-01  -1.0993101e+00
  -1.6772286e-01  -1.0047206e+00
  -1.5239912e-01  -1.0094652e+00
  -1.6695398e-01  -9.4142705e-01
  -1.4948226e-01  -8.7364468e-01
  -1.4859814e-01  -8.3646298e-01
  -1.5202790e-01  -9.8704721e-01
  -1.5818332e-01  -9.5412676e-01
  -1.6619720e-01  -9.1110573e-01
  -1.4790127e-01  -8.1411267e-01
  -1.4574546e-01  -7.8596605e-01
  -1.5376045e-01  -8.8488587e-01
  -1.5037063e-01  -7.1992983e-01
  -1.4462888e-01  -7.7605425e-01
  -1.6331929e-01  -7.5040390e-01
  -1.6153183e-01  -8.1826345e-01
  -1.6144926e-01  -6.7928393e-01
  -1.5094398e-01  -7.4064428e-01
  -1.5081906e-01  -7.3777458e-01
  -1.6512582e-01  -6.1416705e-01
  -1.4395530e-01  -5.9494549e-01
  -1.6938342e-01  -6.1180605e-01
  -1.5509383e-01  -7.5765212e-01
  -1.4552656e-01  -6.2452221e-01
  -1.6651819e-01  -7.5748081e-01
  -1.6280290e-01  -7.1867013e-01
  -1.5334906e-01  -6.2813205e-01
  -1.4560846e-01  -6.0960727e-01
  -1.5995438e-01  -7.1316719e-01
  -1.6929663e-01  -6.7695910e-01
  -1.6440200e-01  -6.6012377e-01
  -1.4818832e-01  -6.6921571e-01
  -1.5180175e-01  -6.7410079e-01
  -1.4655182e-01  -6.4718515e-01
  -1.5415620e-01  -5.4051339e-01
  -1.5637633e-01  -5.2245110e-01
  -1.6211608e-01  -5.1340257e-01
  -1.5106755e-01  -6.3656056e-01
  -1.6145316e-01  -5.9223879e-01
  -1.6845731e-01  -6.8251505e-01
  -1.5053482e-01  -6.4679688e-01
  -1.6022185e-01  -6.9683942e-01
  -1.4753077e-01  -6.4211196e-01
  -1.5441132e-01  -5.2386388e-01
  -1.6238151e-01  -6.1337603e-01
  -1.4629012e-01  -5.1402148e-01
  -1.5787774e-01  -5.3533625e-01
  -1.5705045e-01  -6.7598963e-01
  -1.4695112e-01  -5.8825962e-01
  -1.6111487e-01  -5.5731359e-01
  -1.5618119e-01  -6.3470151e-01
  -1.5511296e-01  -5.4138136e-01
  -1.6014162e-01  -5.4190838e-01
  -1.5072879e-01  -6.3057273e-01
  -1.4637798e-01  -6.6492189e-01
  -1.5550804e-01  -6.5966160e-01
  -1.4486495e-01  -5.5829969e-01
  -1.6265007e-01  -5.3749466e-01
  -1.5052299e-01  -5.3589052e-01
  -1.4998777e-01  -5.1821462e-01
  -1.4573135e-01  -6.6107608e-01
  -1.6373443e-01  -4.8064680e-01
  -1.4839128e-01  -6.1926094e-01
  -1.5308141e-01  -6.4956969e-01
  -1.6740971e-01  -4.9054512e-01
  -1.6341382e-01  -5.3904124e-01
  -1.4735220e-01  -5.3613136e-01
   5.7928299e-01  -6.3771997e-01
   5.8569870e-01  -5.0825534e-01
   5.6553750e-01  -3.8262262e-01
   5.6814329e-01  -3.5367681e-01
   5.8458593e-01  -1.7753931e-01
   5.8277776e-01   8.5027747e-02
   5.7385945e-01   1.0710983e-01
   5.8258491e-01   2.3525813e-01
   5.6560632e-01   4.4289690e-01
   5.7952079e-01   6.2023549e-01
   5.6606102e-01   7.7580400e-01
   5.7068662e-01   8.9122039e-01
   5.8241965e-01   1.0125813e+00
   5.8517303e-01   1.1850218e+00
   5.8643486e-01   1.2886682e+00
   5.7041707e-01   1.2817588e+00
   5.7710649e-01   1.4526845e+00
   5.7916219e-01   1.3940319e+00
   5.6567616e-01   1.5547454e+00
   5.8486311e-01   1.5929742e+00
   5.7556490e-01   1.6661292e+00
   5.7814042e-01   1.7048206e+00
   5.8966604e-01   1.7115478e+00
   5.6514916e-01   1.7450332e+00
   5.8297435e-01   1.7890144e+00
   5.8286620e-01   1.9274839e+00
   5.7759718e-01   1.9891910e+00
   5.8987264e-01   1.9431511e+00
   5.8668804e-01   2.1241458e+00
   5.8847108e-01   2.0279239e+00
   5.7148823e-01   2.1694617e+00
   5.7253369e-01   2.2228793e+00
   5.8180237e-01   2.1304337e+00
   5.8449958e-01   2.2178714e+00
   5.8224524e-01   2.2359576e+00
   5.6698214e-01   2.2508725e+00
   5.8087286e-01   2.2583617e+00
   5.6602139e-01   2.3291853e+00
   5.6797951e-01   2.3353534e+00
   5.6789328e-01   2.2356318e+00
   5.7221580e-01   2.3277910e+00
   5.7611183e-01   2.3680261e+00
   5.7663052e-01   2.2589281e+00
   5.7854691e-01   2.3042297e+00
   5.6607928e-01   2.4210852e+00
   5.7690158e-01   2.2814406e+00
   5.7495333e-01   2.4439644e+00
   5.7006116e-01   2.4885190e+00
   5.6812441e-01   2.4900884e+00
   5.7580342e-01   2.3431624e+00
   5.7301718e-01   2.3192401e+00
   5.7017456e-01   2.3643349e+00
   5.6457283e-01   2.4761439e+00
   5.7066719e-01   2.3567363e+00
   5.7731634e-01   2.4689442e+00
   5.8815267e-01   2.4863246e+00
   5.8782502e-01   2.5336164e+00
   5.7013040e-01   2.3991842e+00
   5.6771121e-01   2.4948988e+00
   5.7888062e-01   2.4016452e+00
   5.6825027e-01   2.5053442e+00
   5.8503698e-01   2.3708890e+00
   5.8012840e-01   2.3910734e+00
   5.8602617e-01   2.4498125e+00
   5.6612072e-01   2.4756061e+00
   5.8762909e-01   2.4217269e+00
   5.6786127e-01   2.4672946e+00
   5.6456837e-01   2.5312884e+00
   5.7377692e-01   2.4175034e+00
  -5.8584418e-01   2.5037321e+00
  -5.6350991e-01   2.5036197e+00
  -5.6865591e-01   2.3880664e+00
  -5.8529428e-01   2.2394536e+00
  -5.6089651e-01   1.9161778e+00
  -5.7489419e-01   1.6687463e+00
  -5.7141622e-01   1.4898577e+00
  -5.6840128e-01   1.3908155e+00
  -5.7149154e-01   1.1491367e+00
  -5.7506617e-01   8.9002976e-01
  -5.8252758e-01   8.5134310e-01
  -5.8496657e-01   6.8596703e-01
  -5.8095564e-01   5.4931866e-01
  -5.8221640e-01   3.6101806e-01
  -5.7051326e-01   1.6787850e-01
  -5.7765152e-01   3.9393717e-02
  -5.7619135e-01  -4.7371244e-03
  -5.8085971e-01  -1.1995126e-01
  -5.6574213e-01  -2.1186181e-01
  -5.6240646e-01  -1.9928883e-01
  -5.6717952e-01  -3.6246772e-01
  -5.7321026e-01  -5.2636215e-01
  -5.7646340e-01  -4.8685510e-01
  -5.7825690e-01  -5.3084219e-01
  -5.8343768e-01  -5.6833590e-01
  -5.8561276e-01  -6.6662653e-01
  -5.6713525e-01  -8.3454158e-01
  -5.7637431e-01  -8.9043283e-01
  -5.8007379e-01  -9.0430410e-01
  -5.6983672e-01  -8.1793827e-01
  -5.7049186e-01  -1.0207748e+00
  -5.6756273e-01  -9.5569510e-01
  -5.6463398e-01  -9.1736978e-01
  -5.7057685e-01  -1.0428284e+00
  -5.6586972e-01  -1.1498962e+00
  -5.7514913e-01  -1.0380754e+00
  -5.7963693e-01  -1.1654817e+00
  -5.8345036e-01  -1.0688961e+00
  -5.6339479e-01  -1.1536974e+00
  -5.6453665e-01  -1.1334013e+00
  -5.6440711e-01  -1.1026747e+00
  -5.8263680e-01  -1.2974859e+00
  -5.8673915e-01  -1.2140828e+00
  -5.7452790e-01  -1.3073691e+00
  -5.7871844e-01  -1.1686858e+00
  -5.7977460e-01  -1.1608150e+00
  -5.6832940e-01  -1.3507948e+00
  -5.8007985e-01  -1.2300351e+00
  -5.7916029e-01  -1.3168189e+00
  -5.7014320e-01  -1.2802239e+00
  -5.6504495e-01  -1.3616488e+00
  -5.8588342e-01  -1.4160928e+00
  -5.6446105e-01  -1.4086038e+00
  -5.7008714e-01  -1.2642544e+00
  -5.7775129e-01  -1.2960510e+00
  -5.6595678e-01  -1.4153500e+00
  -5.6677200e-01  -1.3097432e+00
  -5.7113376e-01  -1.3186990e+00
  -5.8514173e-01  -1.4509863e+00
  -5.8594730e-01  -1.3147648e+00
  -5.7657204e-01  -1.3384617e+00
  -5.6242541e-01  -1.3793296e+00
  -5.6819405e-01  -1.4736664e+00
  -5.6788025e-01  -1.4451013e+00
  -5.8243225e-01  -1.4201178e+00
  -5.6146497e-01  -1.3698873e+00
  -5.7148434e-01  -1.4113691e+00
  -5.7232944e-01  -1.3152802e+00
  -5.8058431e-01  -1.4565586e+00
   3.3192539e-01  -1.3761776e+00
   3.4898489e-01  -1.3221153e+00
   3.4901980e-01  -1.3659066e+00
   3.5208135e-01  -1.1230113e+00
   3.3651118e-01  -9.7647807e-01
   3.4699293e-01  -8.3292720e-01
   3.5541002e-01  -6.6471485e-01
   3.3637970e-01  -6.4457661e-01
   3.3246794e-01  -4.7568093e-01
   3.4798810e-01  -4.2615245e-01
   3.4416596e-01  -2.0406107e-01
   3.2999278e-01  -1.3994820e-01
   3.3436642e-01  -1.0049625e-01
   3.3906132e-01  -2.6869797e-02
   3.5209945e-01   1.8287757e-01
   3.4932850e-01   3.1235786e-01
   3.3525903e-01   4.1251097e-01
   3.4383564e-01   3.8644634e-01
   3.3840048e-01   4.0367025e-01
   3.3104290e-01   4.7794057e-01
   3.4189973e-01   5.3463066e-01
   3.3391203e-01   6.4721582e-01
   3.4745293e-01   7.1760007e-01
   3.5323138e-01   8.0057536e-01
   3.4775617e-01   8.1909611e-01
   3.4568791e-01   7.8313140e-01
   3.4515232e-01   7.7235598e-01
   3.3862836e-01   8.4173967e-01
   3.4143235e-01   8.1984778e-01
   3.4394333e-01   1.0003168e+00
   3.3295750e-01   9.0431835e-01
   3.4028213e-01   1.0462825e+00
   3.5047170e-01   9.1677567e-01
   3.5536460e-01   1.0358256e+00
   3.4694937e-01   1.0145219e+00
   3.4193402e-01   1.1028362e+00
   3.3176244e-01   1.1249553e+00
   3.3801010e-01   1.1222558e+00
   3.5162920e-01   1.1181268e+00
   3.4949373e-01   1.0342124e+00
   3.4567519e-01   1.1709341e+00
   3.4513397e-01   1.2070457e+00
   3.5169883e-01   1.1827599e+00
   3.5004758e-01   1.0886455e+00
   3.5266549e-01   1.2755349e+00
   3.3687131e-01   1.2719260e+00
   3.5154167e-01   1.1099455e+00
   3.4294287e-01   1.1483230e+00
   3.3886647e-01   1.2004949e+00
   3.3519225e-01   1.2760431e+00
   3.5363505e-01   1.2190663e+00
   3.3325802e-01   1.1860960e+00
   3.3711838e-01   1.1696942e+00
   3.5395405e-01   1.2294266e+00
   3.5317205e-01   1.1684252e+00
   3.3410787e-01   1.3188971e+00
   3.3315354e-01   1.2652037e+00
   3.4776247e-01   1.2005631e+00
   3.3356437e-01   1.1935009e+00
   3.3388967e-01   1.2646052e+00
   3.3669665e-01   1.2406713e+00
   3.3059271e-01   1.2753679e+00
   3.3743517e-01   1.3174817e+00
   3.3871402e-01   1.1903769e+00
   3.3157892e-01   1.2220983e+00
   3.4279407e-01   1.2881323e+00
   3.3030893e-01   1.2937826e+00
   3.5486397e-01   1.2950185e+00
   3.4879973e-01   1.3195653e+00
  -7.9217555e-01   1.3062001e+00
  -7.9433899e-01   1.1891020e+00
  -7.9298009e-01   1.2373702e+00
  -7.9296455e-01   1.1752241e+00
  -7.9549566e-01   1.1265446e+00
  -8.0056899e-01   9.5270287e-01
  -8.0058302e-01   7.7784071e-01
  -8.0187557e-01   6.6316914e-01
  -7.8994353e-01   6.6446056e-01
  -8.0766207e-01   5.7223651e-01
  -7.8962260e-01   4.3120301e-01
  -7.8564404e-01   4.7155736e-01
  -7.9033805e-01   3.0684022e-01
  -7.9623794e-01   3.5746655e-01
  -8.0311701e-01   1.4176219e-01
  -8.0334211e-01   1.4431879e-01
  -7.8966031e-01   7.9012435e-02
  -7.8957168e-01   7.2171556e-02
  -7.8778247e-01   3.2186336e-02
  -7.9563158e-01  -1.4025854e-02
  -7.8896747e-01   3.0131272e-02
  -7.9669169e-01   2.4819943e-02
  -7.9822442e-01  -1.1357723e-01
  -8.0812132e-01  -1.4809128e-01
  -8.0159102e-01  -8.6530331e-02
  -7.8995397e-01  -1.5745852e-01
  -8.0322849e-01  -2.7853148e-01
  -7.8646819e-01  -2.0699380e-01
  -8.0319271e-01  -2.2423707e-01
  -7.9899173e-01  -3.2451314e-01
  -7.9160552e-01  -2.9412920e-01
  -8.0970492e-01  -3.7534599e-01
  -7.9695898e-01  -3.6294389e-01
  -8.0862845e-01  -2.5705094e-01
  -8.0592411e-01  -4.4702862e-01
  -8.0996873e-01  -3.5637261e-01
  -7.8546323e-01  -3.6899252e-01
  -8.0198484e-01  -3.7138160e-01
  -8.0343931e-01  -3.4919458e-01
  -7.9481468e-01  -4.3522992e-01
  -8.0467233e-01  -3.5365746e-01
  -8.0361268e-01  -3.9609307e-01
  -7.8660734e-01  -3.4868862e-01
  -7.8556024e-01  -3.3942196e-01
  -7.9367853e-01  -3.4625205e-01
  -8.0348921e-01  -5.0357764e-01
  -7.9153920e-01  -4.7142131e-01
  -8.0274044e-01  -3.8265739e-01
  -8.0897378e-01  -4.8634654e-01
  -7.9613767e-01  -5.4612278e-01
  -8.0286698e-01  -4.9485792e-01
  -8.0561491e-01  -4.1326873e-01
  -7.8948106e-01  -5.2550646e-01
  -7.9006617e-01  -5.3261181e-01
  -7.9448561e-01  -4.0630851e-01
  -8.0032873e-01  -3.9517320e-01
  -7.9422960e-01  -4.3041825e-01
  -8.0444508e-01  -5.7193432e-01
  -8.0773520e-01  -4.9662612e-01
  -8.0140455e-01  -4.1327788e-01
  -7.9331786e-01  -4.9336141e-01
  -7.8627457e-01  -4.3108033e-01
  -7.9653513e-01  -5.1101871e-01
  -7.8821410e-01  -5.8706800e-01
  -7.9976771e-01  -5.5139227e-01
  -7.9978926e-01  -4.9041668e-01
  -8.1050810e-01  -4.3579913e-01
  -8.0121624e-01  -4.9320122e-01
  -7.8901818e-01  -5.5867139e-01
   5.6549863e-01  -4.7680496e-01
   5.6920612e-01  -5.9910931e-01
   5.5683433e-01  -3.6265133e-01
   5.5750669e-01  -2.7572020e-01
   5.6851586e-01  -1.2397337e-01
   5.5429512e-01   5.5091400e-02
   5.5633644e-01   2.0024626e-01
   5.5303749e-01   3.9224288e-01
   5.6839255e-01   4.0887316e-01
   5.5644565e-01   5.6086308e-01
   5.5471329e-01   7.1698130e-01
   5.5790294e-01   9.3403245e-01
   5.5002007e-01   9.7078336e-01
   5.6953469e-01   1.0485553e+00
   5.6914502e-01   1.1789376e+00
   5.5434649e-01   1.1932835e+00
   5.6211723e-01   1.4272212e+00
   5.6659525e-01   1.4818494e+00
   5.7559521e-01   1.4479884e+00
   5.6709062e-01   1.5935390e+00
   5.6099028e-01   1.6275545e+00
   5.7525427e-01   1.6903272e+00
   5.5562270e-01   1.7057249e+00
   5.7040365e-01   1.7977302e+00
   5.6104222e-01   1.7562891e+00
   5.5502483e-01   1.7680467e+00
   5.6614323e-01   1.9395669e+00
   5.6442492e-01   1.9807765e+00
   5.6256008e-01   1.8851463e+00
   5.6206221e-01   1.9146648e+00
   5.5170953e-01   2.1047271e+00
   5.6817128e-01   2.0978202e+00
   5.5619378e-01   2.0069647e+00
   5.5933397e-01   2.1404899e+00
   5.5749316e-01   2.1276235e+00
   5.6720191e-01   2.0925016e+00
   5.5393038e-01   2.1647367e+00
   5.5748895e-01   2.1993571e+00
   5.6057793e-01   2.2027371e+00
   5.5336032e-01   2.1932166e+00
   5.5112151e-01   2.1338583e+00
   5.6985987e-01   2.2283637e+00
   5.7483400e-01   2.2678250e+00
   5.5596712e-01   2.2903141e+00
   5.5304091e-01   2.2413910e+00
   5.6999596e-01   2.3288390e+00
   5.5307834e-01   2.3138853e+00
   5.6491347e-01   2.2891674e+00
   5.7369042e-01   2.3865625e+00
   5.5285010e-01   2.2978624e+00
   5.5236382e-01   2.3475359e+00
   5.5714897e-01   2.3279410e+00
   5.6987021e-01   2.3531864e+00
   5.6297918e-01   2.2995067e+00
   5.6824348e-01   2.2877537e+00
   5.7337311e-01   2.3293288e+00
   5.5464351e-01   2.2642172e+00
   5.7269908e-01   2.3825463e+00
   5.6833117e-01   2.2751065e+00
   5.5045791e-01   2.3308561e+00
   5.7034008e-01   2.4414736e+00
   5.5720640e-01   2.3026745e+00
   5.6211759e-01   2.4317913e+00
   5.5697489e-01   2.4574057e+00
   5.5359257e-01   2.4496483e+00
   5.7068945e-01   2.3437347e+00
   5.7321501e-01   2.3478376e+00
   5.7522094e-01   2.3543495e+00
   5.6599660e-01   2.4697076e+00
  -2.4991375e-01   2.3089625e+00
  -2.3844125e-01   2.3181921e+00
  -2.3404413e-01   2.3563917e+00
  -2.4172765e-01   2.1904940e+00
  -2.4896338e-01   1.9991540e+00
  -2.3102011e-01   1.8477325e+00
  -2.4257336e-01   1.6488408e+00
  -2.2495102e-01   1.5233298e+00
  -2.4719239e-01   1.2302887e+00
  -2.3177028e-01   1.0979307e+00
  -2.2554712e-01   1.0776997e+00
  -2.2801877e-01   7.6972501e-01
  -2.4243095e-01   7.4357784e-01
  -2.4073942e-01   6.3398603e-01
  -2.2897144e-01   4.9981720e-01
  -2.4530612e-01   4.4002835e-01
  -2.4641586e-01   3.7363260e-01
  -2.2615671e-01   2.3972333e-01
  -2.2613305e-01   2.2341350e-01
  -2.3739215e-01  -5.9455530e-03
  -2.3700084e-01   1.0739167e-01
  -2.4723919e-01  -1.3798943e-01
  -2.3200246e-01  -1.2066899e-01
  -2.3995306e-01  -8.5314287e-02
  -2.2878098e-01  -2.9519827e-01
  -2.4096264e-01  -3.1954032e-01
  -2.3267257e-01  -2.7736225e-01
  -2.5012176e-01  -4.2483997e-01
  -2.2538543e-01  -2.8872143e-01
  -2.3659349e-01  -4.0014624e-01
  -2.3224387e-01  -4.0700490e-01
  -2.3574005e-01  -5.4882926e-01
  -2.5051486e-01  -4.9975564e-01
  -2.2803467e-01  -6.1289086e-01
  -2.3147167e-01  -5.3816618e-01
  -2.3670088e-01  -5.8206465e-01
  -2.2630965e-01  -6.5918899e-01
  -2.4545101e-01  -6.1328696e-01
  -2.3961032e-01  -6.4839621e-01
  -2.3724027e-01  -6.9423144e-01
  -2.4453435e-01  -6.9141412e-01
  -2.2812664e-01  -7.5449972e-01
  -2.3122536e-01  -6.7868315e-01
  -2.2649303e-01  -6.7203870e-01
  -2.4979680e-01  -6.7378157e-01
  -2.3243524e-01  -7.7352578e-01
  -2.3250349e-01  -7.2008117e-01
  -2.4904408e-01  -7.2768952e-01
  -2.4942224e-01  -6.9283018e-01
  -2.3242338e-01  -7.5742822e-01
  -2.4790676e-01  -7.3811223e-01
  -2.4763333e-01  -7.5941446e-01
  -2.2990862e-01  -8.0007230e-01
  -2.3452071e-01  -7.1292718e-01
  -2.3361764e-01  -7.1998765e-01
  -2.5011897e-01  -7.4201957e-01
  -2.4840003e-01  -8.6977494e-01
  -2.4656657e-01  -7.3667246e-01
  -2.3918749e-01  -8.0690701e-01
  -2.2745742e-01  -7.4422612e-01
  -2.3048066e-01  -7.7962876e-01
  -2.3731461e-01  -8.4336515e-01
  -2.4528184e-01  -8.8572658e-01
  -2.4297311e-01  -7.2734969e-01
  -2.2953552e-01  -8.6277155e-01
  -2.4729823e-01  -8.1188647e-01
  -2.2510578e-01  -8.0589442e-01
  -2.2843935e-01  -7.4856914e-01
  -2.3372527e-01  -7.9578932e-01
  -1.0255827e-01  -7.8745721e-01
  -1.0631909e-01  -9.2389275e-01
  -1.0469229e-01  -9.0476836e-01
  -1.0680456e-01  -8.8226763e-01
  -1.1764130e-01  -7.2279181e-01
  -1.1306605e-01  -8.0295649e-01
  -1.1438031e-01  -7.7670761e-01
  -1.2593958e-01  -7.9371586e-01
  -1.1663453e-01  -5.9632845e-01
  -1.0917649e-01  -6.0225260e-01
  -1.2027255e-01  -7.0456975e-01
  -1.0062568e-01  -6.7573674e-01
  -1.1779101e-01  -6.3760426e-01
  -1.0837374e-01  -5.1527700e-01
  -1.2437917e-01  -6.5071353e-01
  -1.1836269e-01  -5.6286317e-01
  -1.1954657e-01  -5.3506127e-01
  -1.0373690e-01  -4.8516802e-01
  -1.0126413e-01  -6.3587121e-01
  -1.2641434e-01  -5.4030313e-01
  -1.2135790e-01  -5.2997694e-01
  -1.1048942e-01  -4.6324277e-01
  -1.0590162e-01  -4.8430767e-01
  -1.0234393e-01  -4.9348319e-01
  -1.1309904e-01  -4.4223406e-01
  -1.1572717e-01  -4.0229506e-01
  -1.2333991e-01  -5.0815637e-01
  -1.0942209e-01  -4.9361238e-01
  -1.2144919e-01  -4.2802040e-01
  -1.0920404e-01  -4.7509340e-01
  -1.0493182e-01  -5.5119795e-01
  -1.1470527e-01  -3.9052668e-01
  -1.1202786e-01  -3.8819318e-01
  -1.1719479e-01  -4.2413122e-01
  -1.0488687e-01  -3.9572720e-01
  -1.0956650e-01  -4.3517313e-01
  -1.1948194e-01  -4.3808109e-01
  -1.2423343e-01  -5.1513782e-01
  -1.2589519e-01  -5.4271630e-01
  -1.1936875e-01  -4.8867169e-01
  -1.2524462e-01  -3.9906389e-01
  -1.0504654e-01  -4.9398604e-01
  -1.2205372e-01  -4.1733845e-01
  -1.1682468e-01  -3.8191472e-01
  -1.2508649e-01  -3.8255068e-01
  -1.1901937e-01  -4.6103132e-01
  -1.2317214e-01  -4.9609486e-01
  -1.2265567e-01  -4.6284232e-01
  -1.2578056e-01  -4.4456936e-01
  -1.0740049e-01  -4.7818956e-01
  -1.0091169e-01  -5.1869663e-01
  -1.0165181e-01  -4.0802824e-01
  -1.0499997e-01  -4.6789942e-01
  -1.0893830e-01  -4.0456124e-01
  -1.0744812e-01  -4.6875835e-01
  -1.2404554e-01  -5.0430966e-01
  -1.1505287e-01  -3.4559844e-01
  -1.1126693e-01  -3.6160708e-01
  -1.1210674e-01  -5.1494755e-01
  -1.1568768e-01  -4.9599129e-01
  -1.1300833e-01  -3.4952454e-01
  -1.0742999e-01  -3.7042979e-01
  -1.0782669e-01  -3.4847238e-01
  -1.1413298e-01  -3.4356563e-01
  -1.0506453e-01  -3.8354825e-01
  -1.0679663e-01  -5.1935621e-01
  -1.1403030e-01  -3.5541587e-01
  -1.1229564e-01  -3.4723007e-01
  -1.2348724e-01  -4.1909422e-01
   2.0779918e-01  -4.1763468e-01
   2.1059803e-01  -3.9456549e-01
   2.0297285e-01  -4.8274406e-01
   1.9677895e-01  -3.7750014e-01
   1.9581905e-01  -3.6163613e-01
   2.0441537e-01  -1.9288571e-01
   1.9584489e-01  -9.9432423e-02
   2.0255596e-01  -9.9747484e-02
   2.0788600e-01  -8.5939952e-02
   1.8833280e-01   3.2289654e-02
   2.0477833e-01   1.4879165e-01
   1.8991472e-01   2.1069399e-01
   1.9541621e-01   8.5750727e-02
   1.9235771e-01   1.6420807e-01
   2.0718158e-01   3.4658080e-01
   2.0231645e-01   3.5926625e-01
   1.9802770e-01   3.6870741e-01
   2.0410329e-01   4.3061208e-01
   1.9773420e-01   4.7177850e-01
   1.9258896e-01   4.2637867e-01
   2.0213397e-01   3.6528066e-01
   1.9889086e-01   5.0856270e-01
   1.9585396e-01   3.6956135e-01
   1.9301698e-01   5.7692580e-01
   1.8821802e-01   4.8877398e-01
   1.9504100e-01   4.2613255e-01
   2.1073919e-01   4.3641543e-01
   1.8506487e-01   5.5044125e-01
   2.0427345e-01   4.9571308e-01
   2.1045445e-01   4.8418239e-01
   1.9011830e-01   5.7685042e-01
   2.0513361e-01   5.6261409e-01
   1.9464057e-01   5.3430240e-01
   1.9258622e-01   6.2340983e-01
   1.8986355e-01   6.5059537e-01
   1.9364934e-01   6.9521679e-01
   2.1093264e-01   5.4107016e-01
   1.8561493e-01   7.2982789e-01
   1.9595195e-01   7.3859907e-01
   1.8942949e-01   7.2220400e-01
   1.9819494e-01   6.6767858e-01
   1.8868404e-01   6.4901846e-01
   2.0290709e-01   6.4300430e-01
   1.8869037e-01   6.8664810e-01
   1.9597911e-01   6.7042074e-01
   1.8648330e-01   7.2218505e-01
   1.9273636e-01   7.7492025e-01
   1.8574327e-01   6.2345304e-01
   1.9565298e-01   6.0629653e-01
   1.9466341e-01   6.2278084e-01
   1.9668460e-01   6.2356250e-01
   1.9233559e-01   6.2542374e-01
   1.9530402e-01   6.1889599e-01
   1.9984893e-01   6.7826591e-01
   2.0786105e-01   7.7555198e-01
   1.9110382e-01   8.0942638e-01
   2.0774296e-01   8.0733446e-01
   1.9063308e-01   6.1466352e-01
   2.0224149e-01   7.0343267e-01
   2.0213164e-01   7.1395378e-01
   2.0284679e-01   7.2954904e-01
   1.9909308e-01   6.8228183e-01
   1.8535911e-01   6.7625963e-01
   1.9280189e-01   6.6380603e-01
   1.8737230e-01   7.6709416e-01
   1.9715923e-01   6.7156315e-01
   2.0715335e-01   7.2804768e-01
   1.9605802e-01   6.5623940e-01
   2.0216001e-01   7.7820818e-01
  -8.3102882e-01   6.7247990e-01
  -8.3313410e-01   7.2981650e-01
  -8.2130913e-01   7.7783616e-01
  -8.2939384e-01   6.9664765e-01
  -8.2452984e-01   6.6609690e-01
  -8.3844334e-01   5.5342824e-01
  -8.4295078e-01   4.0141745e-01
  -8.2630554e-01   5.2703625e-01
  -8.4232237e-01   3.3451987e-01
  -8.2731332e-01   2.9846441e-01
  -8.2243057e-01   2.3987666e-01
  -8.2683230e-01   2.1939825e-01
  -8.3894169e-01   1.9635695e-01
  -8.3151392e-01   1.8625023e-01
  -8.2662902e-01   1.2975822e-01
  -8.2826864e-01   1.6172713e-01
  -8.1929101e-01   7.2259811e-02
  -8.3057509e-01   1.4636837e-01
  -8.3793672e-01   8.5924843e-02
  -8.2361808e-01  -9.2901837e-04
  -8.3591519e-01   1.0717659e-01
  -8.2593853e-01  -9.2349011e-02
  -8.2010551e-01   2.6610825e-03
  -8.3166178e-01  -2.8678995e-02
  -8.3537551e-01  -4.3913425e-02
  -8.3958838e-01  -7.6545068e-02
  -8.3326233e-01  -1.3000772e-01
  -8.4311682e-01  -1.0350859e-01
  -8.2015084e-01  -1.2947580e-01
  -8.3718464e-01  -8.5720574e-02
  -8.4234603e-01  -1.1046214e-01
  -8.2293070e-01  -1.5561449e-01
  -8.3429021e-01  -8.8067462e-02
  -8.3510572e-01  -7.9195098e-02
  -8.2285166e-01  -1.8976835e-01
  -8.3630405e-01  -2.4883442e-01
  -8.4249732e-01  -1.1974379e-01
  -8.4088861e-01  -1.9860620e-01
  -8.1911442e-01  -1.5601433e-01
  -8.1841185e-01  -1.8706679e-01
  -8.3385988e-01  -1.8700863e-01
  -8.3809872e-01  -2.8301381e-01
  -8.2869852e-01  -1.5034048e-01
  -8.4256044e-01  -1.1510521e-01
  -8.2238734e-01  -2.0832903e-01
  -8.3780994e-01  -2.6168472e-01
  -8.4110875e-01  -2.6539806e-01
  -8.2386524e-01  -2.7493407e-01
  -8.3717264e-01  -2.9049582e-01
  -8.4232227e-01  -2.8301962e-01
  -8.3313174e-01  -2.2085203e-01
  -8.1868247e-01  -1.5024284e-01
  -8.2942624e-01  -2.9364095e-01
  -8.3218134e-01  -1.8300179e-01
  -8.3749851e-01  -3.1985936e-01
  -8.3827841e-01  -3.0996970e-01
  -8.2420976e-01  -1.8233301e-01
  -8.3140343e-01  -1.6582985e-01
  -8.2120487e-01  -1.7037317e-01
  -8.3706431e-01  -2.4980065e-01
  -8.2137784e-01  -3.2584360e-01
  -8.4043272e-01  -2.8249684e-01
  -8.1877126e-01  -1.9566518e-01
  -8.2360912e-01  -2.3318150e-01
  -8.3050062e-01  -1.4147129e-01
  -8.3181746e-01  -2.3552110e-01
  -8.2071610e-01  -3.1190922e-01
  -8.1763413e-01  -3.2843776e-01
  -8.4002534e-01  -2.5938526e-01
  -6.1985665e-01  -3.1049062e-01
  -6.1678064e-01  -1.4609922e-01
  -5.9641018e-01  -3.0580878e-01
  -6.0711273e-01  -2.4294783e-01
  -6.1693577e-01  -3.9932529e-01
  -6.0699318e-01  -4.8597953e-01
  -6.0253236e-01  -4.5558613e-01
  -6.1882272e-01  -5.6983444e-01
  -5.9939592e-01  -6.3919563e-01
  -5.9854240e-01  -7.6712478e-01
  -6.0900458e-01  -6.3423854e-01
  -5.9725886e-01  -8.1477677e-01
  -5.9645511e-01  -9.0497979e-01
  -6.1686397e-01  -8.8145200e-01
  -6.0351102e-01  -7.9851367e-01
  -6.0775508e-01  -8.9422123e-01
  -6.2033436e-01  -1.0149911e+00
  -6.0611609e-01  -9.8696578e-01
  -5.9906471e-01  -1.1045655e+00
  -6.0500675e-01  -1.1165777e+00
  -6.0177338e-01  -1.0711562e+00
  -6.1294814e-01  -1.1744400e+00
  -5.9702051e-01  -1.2058979e+00
  -5.9789328e-01  -1.0381895e+00
  -5.9769557e-01  -1.0648058e+00
  -6.1590322e-01  -1.2556721e+00
  -6.1139879e-01  -1.1616309e+00
  -6.1319967e-01  -1.2815139e+00
  -5.9732145e-01  -1.1649071e+00
  -6.1333563e-01  -1.2803164e+00
  -6.0196650e-01  -1.3010625e+00
  -6.0594817e-01  -1.2208227e+00
  -6.1472615e-01  -1.1816930e+00
  -6.1186630e-01  -1.1988682e+00
  -6.1787437e-01  -1.2191190e+00
  -5.9737207e-01  -1.2537909e+00
  -6.0654550e-01  -1.3785650e+00
  -5.9685371e-01  -1.3064161e+00
  -6.2051640e-01  -1.2405661e+00
  -6.0339698e-01  -1.3981782e+00
  -6.0388051e-01  -1.3883047e+00
  -6.1086021e-01  -1.2227042e+00
  -6.0476669e-01  -1.2656118e+00
  -6.0591868e-01  -1.2374255e+00
  -5.9967494e-01  -1.2938185e+00
  -6.1650753e-01  -1.2569163e+00
  -6.0725487e-01  -1.3237932e+00
  -6.2060136e-01  -1.2617031e+00
  -6.0040295e-01  -1.3910992e+00
  -5.9527142e-01  -1.4278747e+00
  -6.0383038e-01  -1.3080142e+00
  -6.0303783e-01  -1.2506250e+00
  -6.2064336e-01  -1.2720670e+00
  -6.0355906e-01  -1.2664752e+00
  -6.0701486e-01  -1.4018312e+00
  -6.0139947e-01  -1.2676935e+00
  -6.0111173e-01  -1.4069192e+00
   9.7859615e-01  -1.3634437e+00
