  -6.6699790e-01  -1.4182130e+00
   5.8841825e-01   2.5937715e+00
  -8.7512471e-01   1.3282722e-01
  -8.1127192e-01  -6.2989568e-01
  -1.3198994e-01  -6.9067613e-01
  -9.7644480e-01   1.5932545e+00
  -6.5616664e-01  -1.1510397e+00
   9.6274657e-01   7.0585030e+00
   8.7010768e-02   2.7586738e-01
   8.3088553e-01   4.9481653e+00
   9.4681155e-01   6.5663651e+00
  -7.5507617e-01  -9.6285101e-01
  -9.8896721e-01   1.9642292e+00
  -9.7157236e-01   1.5121880e+00
   9.4628940e-01   6.7999502e+00
  -2.7954672e-01  -9.1086834e-01
  -1.1127549e-01  -4.6785476e-01
  -1.3707996e-01  -5.7501459e-01
  -5.8955730e-01  -1.5705728e+00
  -5.8851848e-02  -1.7919326e-01
   3.8240829e-01   1.5644056e+00
  -1.0737749e-01  -3.4150448e-01
  -1.6506637e-01  -3.7929266e-01
  -5.3943077e-01  -1.3093430e+00
   7.2078853e-01   3.4825817e+00
   8.8004538e-01   5.5816660e+00
  -3.6728485e-01  -1.1206786e+00
   9.4117963e-01   6.6787630e+00
   7.7642569e-01   4.1947238e+00
   6.4411795e-01   3.1528617e+00
   2.8924262e-01   1.1746177e+00
   6.6999024e-01   2.9892736e+00
  -9.0522942e-01   8.0098405e-01
   1.8272789e-01   4.2988447e-01
   9.8482154e-01   7.1340747e+00
  -4.8712631e-01  -1.3545052e+00
  -7.8763557e-01  -7.4664288e-01
  -5.1436186e-01  -1.3448653e+00
  -3.5431014e-01  -1.1665040e+00
   1.1621421e-01   5.7113719e-01
  -4.0734799e-01  -1.4237234e+00
   4.1735792e-01   1.5008765e+00
  -1.2835629e-01  -2.5361587e-01
   6.9236008e-01   3.1938616e+00
  -5.0183856e-01  -1.5685670e+00
   6.4209640e-01   2.9908716e+00
   6.5134202e-01   3.1123366e+00
  -4.8981558e-01  -1.5294145e+00
   4.6728302e-01   1.8800801e+00
   3.2767664e-01   1.0974643e+00
   5.7187463e-01   2.4962491e+00
   5.0760971e-01   2.0136814e+00
   9.9466073e-01   7.4914354e+00
   5.4079974e-01   2.2411704e+00
   7.6245651e-01   4.2645844e+00
  -2.9889255e-01  -8.1867650e-01
   6.1967775e-01   2.9635250e+00
   9.4064596e-01   6.2933718e+00
  -5.2585652e-01  -1.2757290e+00
  -1.5466762e-01  -6.7186544e-01
   9.9293214e-01   7.4756662e+00
   2.2354675e-01   6.3121423e-01
  -9.6301036e-01   1.3926938e+00
   9.1641161e-01   5.9877277e+00
  -8.9033684e-01   4.5375525e-01
   9.3710075e-01   6.3609069e+00
  -1.6791079e-01  -5.5691496e-01
   7.0204380e-01   3.6316266e+00
   7.7496989e-01   4.3598544e+00
  -3.6477231e-02  -1.1162573e-01
  -8.1951164e-01  -2.7170469e-01
  -1.7269659e-02  -1.5591268e-01
   2.5446998e-01   7.3660682e-01
   2.1038551e-01   5.3590738e-01
   1.5887892e-01   6.5630699e-01
   3.4526239e-01   1.3005234e+00
  -2.1843395e-01  -1.0135363e+00
  -9.2009215e-01   8.0430316e-01
  -8.2304787e-01  -3.8839668e-01
   9.8280770e-01   7.0239090e+00
  -4.7421438e-01  -1.3362519e+00
  -9.1269776e-01   7.0424485e-01
   4.7650834e-01   1.8726359e+00
  -2.9262365e-01  -8.7033301e-01
   5.2580119e-01   2.0130501e+00
   5.6821967e-01   2.5662018e+00
  -9.4342198e-01   1.1065918e+00
   6.0676461e-01   2.6573370e+00
   8.2708467e-01   4.8909798e+00
   9.1063069e-01   6.2409478e+00
   8.7358785e-01   5.6726248e+00
   7.7181751e-01   4.3974062e+00
   6.7219108e-01   3.2064848e+00
   8.2153713e-01   4.8126719e+00
   1.3608722e-01   6.5842449e-01
   7.6208245e-01   3.9070615e+00
  -5.7876431e-01  -1.3306208e+00
   5.7156376e-01   2.4707334e+00
  -1.6097681e-01  -7.1737623e-01
   2.6196903e-01   9.4575894e-01
   9.9024206e-01   7.4701568e+00
  -7.1438102e-01  -9.6214184e-01
  -2.6225761e-01  -8.5306803e-01
  -9.6632473e-01   1.6804649e+00
   3.1379621e-02   1.6967663e-01
   2.3544533e-01   6.5336885e-01
  -7.0595402e-01  -1.1250520e+00
  -7.8514752e-01  -6.3153526e-01
   9.1508594e-01   5.9567818e+00
   8.0192538e-01   4.3767987e+00
   6.0319176e-01   2.7138772e+00
  -8.2310281e-01  -2.9162396e-01
  -9.4964183e-01   1.1366213e+00
   6.6953628e-01   3.1986370e+00
  -7.0529944e-01  -1.2901552e+00
   8.5096859e-01   5.0076716e+00
   8.6693398e-01   5.3317627e+00
  -7.8578176e-01  -5.8341625e-01
   7.5522453e-01   3.9318446e+00
  -1.8734097e-01  -6.7491743e-01
  -7.2170145e-01  -1.0600959e+00
   5.9345775e-01   2.4299598e+00
  -7.3418269e-01  -7.5061285e-01
  -2.3595965e-02  -1.5995247e-01
   5.1744827e-01   2.1773541e+00
   9.1336315e-01   6.0817396e+00
   8.8466321e-01   5.6583123e+00
  -3.5591020e-01  -1.1432863e+00
   8.4802721e-01   5.1787934e+00
   2.5353732e-01   1.0547944e+00
   2.8934560e-01   1.0396808e+00
   2.2252534e-01   6.6865610e-01
  -9.0421916e-01   3.3075496e-01
   3.5358436e-01   1.2977891e+00
   9.3190078e-01   6.5260973e+00
   8.4821733e-01   5.2644993e+00
  -1.6749444e-01  -4.5798499e-01
  -3.5606266e-01  -1.1728228e+00
  -7.5175388e-01  -7.4699994e-01
   4.9671812e-01   2.1113498e+00
  -3.6467933e-01  -1.0607117e+00
  -9.4094005e-01   8.9124526e-01
   4.5941795e-01   1.6631923e+00
   3.6551886e-01   1.4964288e+00
   2.8951052e-02   3.2873587e-02
   6.1594965e-01   2.8271084e+00
   7.9070734e-01   4.5250071e+00
   9.8486732e-01   7.1825498e+00
  -1.9094881e-01  -5.0959015e-01
  -5.2375797e-01  -1.2124186e+00
  -7.2602931e-01  -1.0083203e+00
  -1.3400697e-01  -5.7861887e-01
   6.8045073e-01   3.0948651e+00
   3.6720139e-01   1.5578397e+00
  -3.9253722e-01  -1.1262448e+00
  -2.5568506e-01  -8.1485276e-01
  -6.4388658e-01  -1.4391206e+00
  -2.8248431e-01  -1.0754760e+00
  -4.8848432e-01  -1.6461773e+00
  -2.3175212e-01  -9.9802964e-01
  -6.0757553e-01  -1.4321595e+00
  -1.0476060e-01  -1.8918676e-01
  -8.3481143e-01  -1.1989569e-01
  -4.7735564e-01  -1.4970368e+00
  -5.4807640e-02  -4.0226769e-02
  -1.3447718e-01  -6.2231905e-01
  -9.5910395e-01   1.5582350e+00
  -6.8304172e-01  -1.2811441e+00
   3.2323584e-01   1.2807729e+00
   1.6995669e-01   7.8222517e-01
  -6.3760713e-01  -1.5508758e+00
  -3.0144726e-01  -8.5895871e-01
   2.5432937e-01   1.1913948e+00
   2.3881182e-02   1.6300956e-01
   6.8336841e-01   3.2302177e+00
  -7.9544655e-01  -4.2455425e-01
   9.2275805e-01   6.4005176e+00
  -6.9199138e-01  -1.1443846e+00
   4.6991052e-01   1.7217028e+00
   9.8484415e-01   7.2899608e+00
  -6.0480385e-02  -4.3773320e-01
  -7.1726117e-02  -5.6671559e-02
   2.2080029e-01   8.2523791e-01
   9.1935958e-01   6.0120333e+00
  -4.3608576e-01  -1.4070513e+00
   8.6635362e-01   5.5572165e+00
  -4.8970866e-01  -1.3436761e+00
   5.6436755e-01   2.5504029e+00
  -3.8387949e-01  -1.4535741e+00
  -4.5760546e-01  -1.5077167e+00
  -7.0675050e-01  -9.2348944e-01
   9.6662206e-01   7.0869474e+00
  -8.7448149e-01   1.7159236e-01
   4.9388413e-01   2.1014558e+00
  -3.9383052e-01  -1.1882775e+00
   3.7285484e-01   1.2685321e+00
   2.8920320e-01   8.3898860e-01
  -7.6291514e-01  -1.0076211e+00
  -1.2874452e-01  -6.7201150e-01
  -4.3953656e-01  -1.1931104e+00
