   7.6537168e-03  -3.3722790e-02
   1.2112788e-02   1.0858437e-01
  -7.6963941e-03   1.2491348e-02
   7.5071039e-03  -4.5691861e-02
   1.3724901e-03  -2.8614760e-02
   1.1300769e-02  -9.1515654e-02
  -4.6268336e-03  -9.1465301e-02
   6.3292045e-03   1.0203329e-01
   4.8167741e-03  -7.6781460e-02
   1.1547636e-02   6.9808548e-02
  -5.8674597e-01   6.7498960e-02
  -5.8445893e-01   7.6202660e-02
  -5.9741190e-01  -6.0958587e-02
  -5.9722112e-01   3.8112457e-04
  -5.8332979e-01  -1.4273081e-01
  -5.8254915e-01  -1.6957438e-01
  -5.8996925e-01  -2.6599988e-01
  -6.0142320e-01  -4.4163210e-01
  -5.9923607e-01  -5.7447111e-01
  -5.8042793e-01  -5.8685606e-01
  -5.8881226e-01  -5.9837136e-01
  -5.8302535e-01  -5.4368662e-01
  -6.0109683e-01  -6.1905536e-01
  -5.9493605e-01  -7.9694798e-01
  -6.0290437e-01  -8.7785926e-01
  -5.8050508e-01  -8.2266740e-01
  -5.8566246e-01  -8.7359706e-01
  -5.9026377e-01  -8.1138532e-01
  -5.7938940e-01  -1.0671262e+00
  -5.8079077e-01  -1.0913513e+00
  -5.8122843e-01  -1.0789460e+00
  -6.0388163e-01  -1.0352058e+00
  -5.9091470e-01  -1.0944173e+00
  -6.0017997e-01  -1.1983041e+00
  -5.8186208e-01  -1.2078670e+00
  -6.0410998e-01  -1.0894237e+00
  -5.8646918e-01  -1.2763597e+00
  -6.0229374e-01  -1.1370026e+00
  -5.9449450e-01  -1.3122849e+00
  -5.9249129e-01  -1.1884137e+00
  -5.9321045e-01  -1.2165337e+00
  -5.9791653e-01  -1.2817237e+00
  -5.9850358e-01  -1.1576573e+00
  -5.8675760e-01  -1.2543270e+00
  -6.0063568e-01  -1.2136332e+00
  -6.0238833e-01  -1.2278181e+00
  -5.9274772e-01  -1.2357710e+00
  -5.8721554e-01  -1.3498654e+00
  -5.8194245e-01  -1.2340633e+00
  -5.7883521e-01  -1.3152615e+00
  -5.8167993e-01  -1.3805979e+00
  -5.9841718e-01  -1.2165785e+00
  -5.7866952e-01  -1.3693210e+00
  -6.0182036e-01  -1.4034596e+00
  -6.0154089e-01  -1.2342819e+00
  -5.9346187e-01  -1.3138110e+00
  -5.8182466e-01  -1.4521213e+00
  -5.9195401e-01  -1.3659144e+00
  -5.9214666e-01  -1.2442938e+00
  -5.9121962e-01  -1.4370240e+00
  -5.8699779e-01  -1.2567389e+00
  -5.8069406e-01  -1.3815516e+00
  -5.9162476e-01  -1.3336334e+00
  -5.7897792e-01  -1.4717270e+00
  -6.0418211e-01  -1.3855877e+00
  -5.9330332e-01  -1.2973006e+00
  -5.9039480e-01  -1.3456925e+00
  -5.8112868e-01  -1.4443136e+00
  -5.8674059e-01  -1.4242183e+00
  -5.9587594e-01  -1.4892140e+00
  -5.8019563e-01  -1.3970936e+00
  -5.9877878e-01  -1.3456077e+00
  -5.9780839e-01  -1.3314339e+00
  -5.7995081e-01  -1.3326322e+00
  -6.0033499e-01  -1.4897690e+00
  -5.8928921e-01  -1.5070450e+00
  -6.0210784e-01  -1.4670304e+00
  -5.8639309e-01  -1.2928041e+00
  -6.0208611e-01  -1.4335899e+00
  -6.2028065e-02  -1.4184934e+00
  -5.2515978e-02  -1.3379494e+00
  -5.2582717e-02  -1.4711030e+00
  -6.8751183e-02  -1.3735676e+00
  -6.6278968e-02  -1.2026239e+00
  -5.5149531e-02  -1.1764972e+00
  -4.8872427e-02  -1.1311552e+00
  -4.7033180e-02  -1.0425801e+00
  -6.1044091e-02  -9.5634975e-01
  -4.5578022e-02  -1.0457759e+00
  -5.6472491e-02  -9.3247306e-01
  -6.3105942e-02  -7.9472205e-01
  -5.7439069e-02  -6.9648891e-01
  -6.8578525e-02  -7.8812456e-01
  -6.8928999e-02  -6.2691674e-01
  -5.6132367e-02  -5.9243381e-01
  -4.5442122e-02  -5.4444056e-01
  -6.8434995e-02  -4.9087455e-01
  -5.2866704e-02  -4.8489596e-01
  -6.0174434e-02  -6.5400758e-01
  -6.0834014e-02  -4.7881017e-01
  -5.5187589e-02  -4.5548541e-01
  -5.4804306e-02  -4.3056524e-01
  -4.7495767e-02  -4.4511840e-01
  -6.0817567e-02  -5.2378125e-01
  -4.3798345e-02  -5.3114463e-01
  -6.3726673e-02  -4.9753811e-01
  -5.9236233e-02  -5.0743086e-01
  -5.9187545e-02  -4.6456705e-01
  -6.5138297e-02  -3.3359794e-01
  -6.0169858e-02  -3.0940332e-01
  -6.1191459e-02  -2.9595068e-01
  -6.3653095e-02  -3.6701742e-01
  -5.3187984e-02  -3.6530040e-01
  -6.2274225e-02  -2.6088367e-01
  -6.7638915e-02  -2.9957736e-01
  -5.6254295e-02  -2.0034658e-01
  -5.9021130e-02  -2.6409292e-01
  -4.3090425e-02  -1.9523555e-01
  -4.9845629e-02  -2.2857482e-01
  -4.6989490e-02  -3.7417865e-01
  -6.4477406e-02  -2.2308724e-01
  -5.7449879e-02  -2.9620189e-01
  -4.4472636e-02  -3.5255113e-01
  -4.4582692e-02  -1.5701644e-01
  -5.5277961e-02  -3.5623558e-01
  -4.4089858e-02  -1.5593373e-01
  -5.3176952e-02  -2.8544815e-01
  -5.5976249e-02  -3.1675851e-01
  -5.6229442e-02  -2.8703093e-01
  -6.4999020e-02  -1.2353212e-01
  -6.8884290e-02  -3.3408002e-01
  -6.8444481e-02  -3.5206040e-01
  -4.9953308e-02  -3.0155061e-01
  -5.9760936e-02  -1.4651380e-01
  -6.2642103e-02  -3.1111981e-01
  -6.7513004e-02  -1.1312230e-01
  -6.8647383e-02  -3.0868417e-01
  -5.2913886e-02  -2.8698328e-01
  -5.1794279e-02  -2.2130822e-01
  -6.4172870e-02  -1.9086224e-01
  -5.6884102e-02  -1.1029897e-01
  -5.3551434e-02  -1.2006620e-01
  -5.2569157e-02  -1.7116206e-01
  -5.4106035e-02  -2.1200893e-01
  -4.5529283e-02  -1.1682560e-01
  -6.6180151e-02  -2.1341031e-01
  -6.3477018e-02  -2.4328794e-01
  -5.5399865e-02  -2.0343772e-01
   4.3116223e-01  -2.4716812e-01
   4.3247302e-01  -3.2318200e-01
   4.2767526e-01  -1.4579771e-01
   4.3248323e-01  -1.2253666e-01
   4.1454369e-01  -3.8968009e-02
   4.1702125e-01   2.0294724e-01
   4.2185511e-01   2.3284922e-01
   4.2268108e-01   4.3339969e-01
   4.2226432e-01   4.4710711e-01
   4.2896019e-01   4.0835991e-01
   4.3229696e-01   6.4794150e-01
   4.2545998e-01   6.9055454e-01
   4.3003932e-01   7.8274510e-01
   4.0773377e-01   7.0796765e-01
   4.0775273e-01   8.4725435e-01
   4.1039552e-01   9.6577663e-01
   4.1714570e-01   9.1824293e-01
   4.2864479e-01   9.7303543e-01
   4.1927839e-01   1.1792701e+00
   4.2654359e-01   1.1900468e+00
   4.2458020e-01   1.1462200e+00
   4.1039002e-01   1.2341428e+00
   4.1230071e-01   1.1491579e+00
   4.1226462e-01   1.2339771e+00
   4.2355984e-01   1.2868735e+00
   4.2771184e-01   1.2644039e+00
   4.2174720e-01   1.2666679e+00
   4.3295937e-01   1.2913242e+00
   4.2536993e-01   1.4018037e+00
   4.1482539e-01   1.3164504e+00
   4.3010808e-01   1.4567760e+00
   4.0952006e-01   1.3565886e+00
   4.2656914e-01   1.3979118e+00
   4.2354021e-01   1.3762956e+00
   4.2936618e-01   1.4816434e+00
   4.1928021e-01   1.5207256e+00
   4.3083557e-01   1.5599411e+00
   4.1470238e-01   1.4057783e+00
   4.1920566e-01   1.5253747e+00
   4.2790329e-01   1.5085780e+00
   4.1214457e-01   1.6477561e+00
   4.3274397e-01   1.5918694e+00
   4.2691955e-01   1.5498118e+00
   4.0873070e-01   1.4746847e+00
   4.3152588e-01   1.5693847e+00
   4.2749218e-01   1.6512092e+00
   4.1874193e-01   1.6598977e+00
   4.1695998e-01   1.6442997e+00
   4.1292887e-01   1.4672468e+00
   4.3201405e-01   1.5316267e+00
   4.1579213e-01   1.6271693e+00
   4.3058573e-01   1.5948119e+00
   4.2311685e-01   1.5312812e+00
   4.2167984e-01   1.6721848e+00
   4.2077056e-01   1.7170917e+00
   4.0903272e-01   1.6322252e+00
   4.1458631e-01   1.5393018e+00
   4.1483757e-01   1.6644965e+00
   4.1091069e-01   1.5277680e+00
   4.2523862e-01   1.7327493e+00
   4.3191505e-01   1.5817188e+00
   4.2813159e-01   1.6407227e+00
   4.2905271e-01   1.5283083e+00
   4.2383129e-01   1.5921774e+00
   4.2247936e-01   1.6777307e+00
   4.1559004e-01   1.7376179e+00
   4.2110649e-01   1.5076025e+00
   4.2116490e-01   1.6932081e+00
   4.1058328e-01   1.7291969e+00
   8.3428780e-01   1.6305372e+00
   8.3160805e-01   1.5354091e+00
   8.2718812e-01   1.7525711e+00
   8.3404574e-01   1.8161999e+00
   8.4247214e-01   2.1260890e+00
   8.3785570e-01   2.2542140e+00
   8.4280082e-01   2.4473658e+00
   8.3788574e-01   2.5539140e+00
   8.2242126e-01   2.6758175e+00
   8.2461632e-01   2.8171936e+00
   8.2165062e-01   3.0230617e+00
   8.2945134e-01   3.2759352e+00
   8.2895456e-01   3.2581894e+00
   8.3486546e-01   3.3814995e+00
   8.2006994e-01   3.4925549e+00
   8.3349871e-01   3.5832668e+00
   8.3883614e-01   3.6041145e+00
   8.2424080e-01   3.7245653e+00
   8.4095803e-01   3.8357500e+00
   8.3038166e-01   3.8191266e+00
   8.3749986e-01   4.0408869e+00
   8.3995341e-01   3.9632349e+00
   8.3711970e-01   4.1553048e+00
   8.4592048e-01   4.1571005e+00
   8.3194132e-01   4.3098283e+00
   8.4142470e-01   4.2685392e+00
   8.4062120e-01   4.4131044e+00
   8.2563325e-01   4.3750231e+00
   8.3043432e-01   4.4941945e+00
   8.4573948e-01   4.4604838e+00
   8.4271426e-01   4.3587015e+00
   8.2621509e-01   4.5721734e+00
   8.3477591e-01   4.4869085e+00
   8.2626330e-01   4.4440823e+00
   8.4531464e-01   4.5362985e+00
   8.3044919e-01   4.6382825e+00
   8.4530322e-01   4.6114120e+00
   8.2076135e-01   4.6675983e+00
   8.2378964e-01   4.6305751e+00
   8.2646227e-01   4.6745965e+00
   8.4101287e-01   4.5945325e+00
   8.3156901e-01   4.7804363e+00
   8.3307295e-01   4.8119116e+00
   8.4209065e-01   4.7393921e+00
   8.3365650e-01   4.8277922e+00
   8.4330761e-01   4.6308866e+00
   8.3552546e-01   4.8023700e+00
   8.3655445e-01   4.7094464e+00
   8.2295475e-01   4.8617033e+00
   8.2310536e-01   4.8574284e+00
   8.2694553e-01   4.7065705e+00
   8.4543037e-01   4.8750758e+00
   8.2986738e-01   4.8839725e+00
   8.2846069e-01   4.7099800e+00
   8.2516332e-01   4.7635233e+00
   8.2598583e-01   4.7879452e+00
   8.2895497e-01   4.7456509e+00
   8.4077094e-01   4.8308169e+00
   8.2617254e-01   4.8323303e+00
   8.4068087e-01   4.9455404e+00
   8.4428255e-01   4.8579048e+00
   8.2316949e-01   4.8164464e+00
   8.2227287e-01   4.9421052e+00
   8.3676339e-01   4.9349164e+00
   8.2383842e-01   4.7643070e+00
   8.3143515e-01   4.7560083e+00
   8.3443679e-01   4.7939120e+00
   8.2472388e-01   4.7965988e+00
   8.3391493e-01   4.9231179e+00
  -9.7652439e-02   4.8338892e+00
  -9.6730085e-02   4.8927990e+00
  -1.0501390e-01   4.7938409e+00
  -9.7407806e-02   4.4410429e+00
  -9.1427024e-02   4.1583979e+00
  -1.0311859e-01   3.9096997e+00
  -9.2927623e-02   3.5209262e+00
  -9.5977782e-02   3.4223469e+00
  -8.5651468e-02   3.0847795e+00
  -9.6024994e-02   2.8794577e+00
  -1.0239481e-01   2.5681895e+00
  -9.5304525e-02   2.3233160e+00
  -1.0726307e-01   2.2230792e+00
  -8.6815667e-02   2.0765305e+00
  -9.7206658e-02   1.8425230e+00
  -1.0594218e-01   1.5950188e+00
  -1.0293851e-01   1.4593567e+00
  -9.4598744e-02   1.4485513e+00
  -9.3043621e-02   1.2853353e+00
  -8.8376794e-02   1.0822425e+00
  -1.0723765e-01   1.0853456e+00
  -9.4546454e-02   8.5869280e-01
  -9.0261772e-02   8.7012802e-01
  -9.6678961e-02   6.6262136e-01
  -1.0032370e-01   5.7404879e-01
  -9.8232192e-02   6.4490640e-01
  -9.7695234e-02   6.1313731e-01
  -1.0223567e-01   4.1473840e-01
  -1.0532449e-01   4.5725773e-01
  -1.0905028e-01   2.7651193e-01
  -8.9881051e-02   3.1432610e-01
  -9.3191115e-02   3.5317565e-01
  -9.3472784e-02   1.9543926e-01
  -1.0201317e-01   2.8660447e-01
  -9.3006662e-02   2.0891521e-01
  -8.8305843e-02   1.3963418e-02
  -8.8270451e-02   1.5674026e-01
  -1.0863948e-01   8.7087150e-02
  -9.7531599e-02  -7.4148084e-03
  -1.0484244e-01   6.1130346e-02
  -8.9190257e-02  -1.5167748e-02
  -8.7965901e-02  -1.0768947e-01
  -9.2878343e-02   1.9215758e-02
  -9.9353493e-02  -1.8467238e-01
  -1.0055710e-01  -1.7565966e-01
  -1.0660698e-01  -2.2547360e-01
  -9.6497596e-02  -2.0911323e-01
  -8.9175506e-02  -2.1519655e-01
  -1.0968302e-01  -1.1933034e-01
  -9.7043232e-02  -1.8354897e-01
  -8.5740379e-02  -2.3313740e-01
  -9.4903675e-02  -2.3152327e-01
  -9.2669301e-02  -2.6691195e-01
  -1.0440816e-01  -2.9587415e-01
  -8.6489002e-02  -3.0726893e-01
  -9.3179779e-02  -2.6533533e-01
  -1.0789771e-01  -3.3789597e-01
  -9.1380977e-02  -3.8825302e-01
  -1.0518155e-01  -1.7319148e-01
  -9.7615605e-02  -2.6025414e-01
  -9.4160883e-02  -2.4785141e-01
  -9.2076349e-02  -2.4319523e-01
  -9.7049434e-02  -3.9193908e-01
  -9.3613992e-02  -3.2327163e-01
  -1.0223837e-01  -2.7003542e-01
  -8.8208512e-02  -4.0519350e-01
  -9.9278959e-02  -2.0666980e-01
  -9.4264792e-02  -2.7583029e-01
  -8.7422673e-02  -3.1137394e-01
   7.9840604e-01  -3.6954553e-01
   7.8985691e-01  -3.1169328e-01
   7.9090896e-01  -1.5035592e-01
   7.8968159e-01   4.6667558e-02
   7.9561811e-01   3.9576688e-01
   7.9079542e-01   6.7394751e-01
   7.9708199e-01   7.6766009e-01
   7.9271179e-01   1.1249585e+00
   8.0608601e-01   1.3943900e+00
   8.0871963e-01   1.4637315e+00
   8.1279237e-01   1.7809796e+00
   8.0073068e-01   1.9924396e+00
   7.9509087e-01   2.0119325e+00
   7.9095515e-01   2.2667871e+00
   7.8897479e-01   2.4168629e+00
   8.0438951e-01   2.5833990e+00
   7.9836032e-01   2.7636294e+00
   7.9792563e-01   2.8844259e+00
   7.9149972e-01   3.0521905e+00
   8.0249748e-01   3.0835169e+00
   7.9753228e-01   3.1318174e+00
   8.0395295e-01   3.1706416e+00
   7.9355985e-01   3.4673669e+00
   8.1357064e-01   3.5395176e+00
   7.9897923e-01   3.6207736e+00
   8.0677671e-01   3.5269041e+00
   8.0285262e-01   3.7133921e+00
   8.0126866e-01   3.6523504e+00
   8.0976830e-01   3.8145338e+00
   8.0332671e-01   3.7225937e+00
   8.0885569e-01   3.8589122e+00
   7.8920335e-01   3.9655198e+00
   8.0970581e-01   3.9907968e+00
   7.9032362e-01   3.9938073e+00
   8.0689403e-01   4.0933982e+00
   8.0941357e-01   4.0523803e+00
   8.0296411e-01   4.1671976e+00
   7.9373675e-01   4.0220237e+00
   8.0232889e-01   4.0426366e+00
   7.9205634e-01   4.1101438e+00
   7.9454907e-01   4.2382825e+00
   8.1269855e-01   4.2463347e+00
   7.9055414e-01   4.1955318e+00
   8.0217622e-01   4.3302040e+00
   8.0649956e-01   4.3550665e+00
   8.1172684e-01   4.1968885e+00
   8.0949330e-01   4.2829757e+00
   8.0472071e-01   4.3753105e+00
   8.1085050e-01   4.4394947e+00
   8.0639335e-01   4.3618239e+00
   7.9514991e-01   4.2732394e+00
   7.9878053e-01   4.2573400e+00
   8.0482977e-01   4.2836106e+00
   8.0161683e-01   4.4921864e+00
   7.9007567e-01   4.3405111e+00
   8.0254604e-01   4.3036709e+00
   8.1244268e-01   4.4546781e+00
   8.1057473e-01   4.4551200e+00
   8.0378753e-01   4.4146127e+00
   8.1026788e-01   4.3333989e+00
   7.9751633e-01   4.3630294e+00
   7.8948644e-01   4.5103562e+00
   8.0257487e-01   4.5136462e+00
   8.0059757e-01   4.5342567e+00
   7.9020467e-01   4.4053767e+00
   7.9850758e-01   4.4117778e+00
   8.0442006e-01   4.5260258e+00
   8.0668722e-01   4.5390592e+00
   7.9537186e-01   4.5176927e+00
  -6.3517105e-02   4.3893026e+00
  -5.2259423e-02   4.4698599e+00
  -6.6444341e-02   4.4387809e+00
  -5.1672041e-02   4.1362650e+00
  -6.3515137e-02   3.8038891e+00
  -4.6019697e-02   3.6232784e+00
  -4.6614938e-02   3.2561067e+00
  -5.7385151e-02   3.1594050e+00
  -5.6759215e-02   2.8104995e+00
  -4.4330305e-02   2.7673906e+00
  -5.5145444e-02   2.5018216e+00
  -4.5198873e-02   2.3474212e+00
  -5.4999886e-02   2.0978831e+00
  -6.4414683e-02   2.0362751e+00
  -6.2627717e-02   1.6973497e+00
  -5.5240158e-02   1.5774292e+00
  -5.7137418e-02   1.5431092e+00
  -6.6507406e-02   1.4111779e+00
  -5.8537113e-02   1.2801196e+00
  -6.4801155e-02   1.0702810e+00
  -6.3486266e-02   9.5930723e-01
  -5.9239126e-02   9.9600060e-01
  -5.4511589e-02   7.8185699e-01
  -4.3420529e-02   7.5024565e-01
  -4.4624182e-02   7.6393270e-01
  -5.1312366e-02   7.0925227e-01
  -6.4827937e-02   7.0237606e-01
  -4.6314897e-02   5.5045783e-01
  -5.4219576e-02   4.4090062e-01
  -5.5807075e-02   4.1065038e-01
  -4.5304642e-02   2.8377210e-01
  -6.5377163e-02   3.6315736e-01
  -5.2068347e-02   2.2694950e-01
  -6.6725157e-02   3.7898024e-01
  -4.6885563e-02   1.9081048e-01
  -4.8543995e-02   2.6278979e-01
  -5.0047270e-02   2.0546907e-01
  -5.8705678e-02   1.1377853e-01
  -6.3372262e-02   1.3049239e-01
  -5.5980694e-02   1.9844398e-02
  -4.8920294e-02   1.5792891e-01
  -5.9071155e-02   2.3823513e-02
  -6.3412003e-02  -2.0472577e-02
  -4.2560435e-02   1.2461056e-01
  -4.3702905e-02  -9.8471022e-02
  -6.2394798e-02  -8.6026606e-02
  -6.3938811e-02  -3.7182284e-02
  -6.5358780e-02   2.4426366e-02
  -4.4420748e-02  -1.1843488e-01
  -6.5094099e-02  -1.1771764e-01
  -5.1561581e-02  -7.9997043e-02
  -4.3867084e-02  -1.1075421e-01
  -4.8314307e-02  -4.9500819e-02
  -6.5420023e-02  -2.0162352e-01
  -6.1302611e-02  -3.0610384e-03
  -5.6105768e-02  -1.6234893e-01
  -6.0296896e-02  -1.4302898e-01
  -4.7870737e-02  -1.9224459e-01
  -5.9582602e-02  -1.0498756e-01
  -4.8351967e-02  -6.6104529e-02
  -5.9650859e-02  -2.2726080e-01
  -4.3719141e-02  -2.0357586e-01
  -5.3340324e-02  -2.4118358e-01
  -5.4217013e-02  -2.1832702e-01
  -4.6974142e-02  -2.3412706e-01
  -6.0605393e-02  -2.3480936e-01
  -6.5448283e-02  -1.2563981e-01
  -6.1198917e-02  -2.4157722e-01
  -4.2394629e-02  -9.0914598e-02
   9.2856808e-01  -2.6832522e-01
   9.4607656e-01  -8.6534529e-02
   9.4849745e-01  -7.2789907e-02
   9.2765283e-01   2.7024924e-01
   9.4184725e-01   8.0246492e-01
   9.4118600e-01   9.7532631e-01
   9.3187970e-01   1.4442397e+00
   9.4122367e-01   1.7092993e+00
   9.3007676e-01   2.0199219e+00
   9.4684298e-01   2.3726988e+00
   9.4411550e-01   2.7003987e+00
   9.4729744e-01   3.0641552e+00
   9.3589572e-01   3.1871711e+00
   9.2861879e-01   3.4581335e+00
   9.3666486e-01   3.6502097e+00
   9.4291972e-01   3.8289633e+00
   9.2672726e-01   4.0051246e+00
   9.4132066e-01   4.1663035e+00
   9.2641971e-01   4.2538604e+00
   9.2609344e-01   4.4969788e+00
   9.3607596e-01   4.7339608e+00
   9.3041195e-01   4.7237817e+00
   9.3922129e-01   4.9441367e+00
   9.4912573e-01   5.1002723e+00
   9.4808347e-01   5.1009258e+00
   9.2853898e-01   5.2904451e+00
   9.4677121e-01   5.3270231e+00
   9.4922718e-01   5.2678897e+00
   9.2901805e-01   5.4340004e+00
   9.4765420e-01   5.5449947e+00
   9.4065997e-01   5.4910927e+00
   9.2584355e-01   5.5996454e+00
   9.4434869e-01   5.6982180e+00
   9.4108642e-01   5.6952135e+00
   9.2616795e-01   5.8848932e+00
   9.3718122e-01   5.9699835e+00
   9.3863333e-01   6.0097339e+00
   9.4358737e-01   5.9971628e+00
   9.3344625e-01   5.9123854e+00
   9.3278310e-01   6.0215972e+00
   9.3258318e-01   5.9616866e+00
   9.4281700e-01   5.9711494e+00
   9.3733788e-01   6.1438292e+00
   9.3359602e-01   6.0452633e+00
   9.2501699e-01   6.0481511e+00
   9.2955918e-01   6.2449940e+00
   9.4516846e-01   6.2854529e+00
   9.4423222e-01   6.2020554e+00
   9.3393620e-01   6.3311913e+00
   9.4995418e-01   6.1590386e+00
   9.3942440e-01   6.2304518e+00
   9.2968544e-01   6.1947229e+00
   9.2691864e-01   6.2477609e+00
   9.4179923e-01   6.3087629e+00
   9.4203592e-01   6.2365382e+00
   9.2683154e-01   6.3450584e+00
   9.2490926e-01   6.3808230e+00
   9.4580129e-01   6.2338680e+00
   9.4842813e-01   6.3442141e+00
   9.4088702e-01   6.2537931e+00
   9.2740816e-01   6.3999795e+00
   9.4690873e-01   6.4053666e+00
   9.3470123e-01   6.3184401e+00
   9.2792250e-01   6.3800792e+00
   9.4186691e-01   6.3544424e+00
   9.3929663e-01   6.3307340e+00
   9.2465307e-01   6.4673706e+00
   9.2871549e-01   6.2707176e+00
   9.3583536e-01   6.4338408e+00
   2.1275026e-01   6.2815438e+00
   2.3002379e-01   6.4885651e+00
   2.1897666e-01   6.2844912e+00
   2.2073282e-01   5.8989245e+00
   2.3239996e-01   5.7412263e+00
   2.3021099e-01   5.4725562e+00
   2.2229964e-01   5.1835449e+00
   2.1294961e-01   4.8021442e+00
   2.3123888e-01   4.4493117e+00
   2.2363277e-01   4.3194980e+00
   2.2500177e-01   4.0959080e+00
   2.2662984e-01   3.8512917e+00
   2.2468906e-01   3.6266345e+00
   2.2466168e-01   3.4741416e+00
   2.2651061e-01   3.1172156e+00
   2.2556019e-01   2.9167799e+00
   2.2219734e-01   2.8233285e+00
   2.3385453e-01   2.6669525e+00
   2.1805189e-01   2.5349705e+00
   2.1312607e-01   2.4330916e+00
   2.1518199e-01   2.2480686e+00
   2.3678105e-01   2.3309890e+00
   2.3677741e-01   2.0176605e+00
   2.2467523e-01   2.1301249e+00
   2.1915148e-01   1.8309637e+00
   2.2855814e-01   1.9084092e+00
   2.3684596e-01   1.7328159e+00
   2.2793203e-01   1.7953957e+00
   2.1286707e-01   1.6197900e+00
   2.3570658e-01   1.6635001e+00
   2.1483145e-01   1.5749992e+00
   2.2648644e-01   1.3897243e+00
   2.2472495e-01   1.5050146e+00
   2.1631691e-01   1.3619647e+00
   2.1535826e-01   1.4444275e+00
   2.2490199e-01   1.3742521e+00
   2.3136516e-01   1.3244452e+00
   2.2659903e-01   1.2874644e+00
   2.2050571e-01   1.1659466e+00
   2.3714001e-01   1.1570606e+00
   2.3774087e-01   1.2121622e+00
   2.1597990e-01   1.1992834e+00
   2.1848888e-01   1.1188378e+00
   2.1289044e-01   1.0804294e+00
   2.3617423e-01   1.1276770e+00
   2.3305472e-01   1.0545277e+00
   2.3434076e-01   9.3156817e-01
   2.2565697e-01   9.9642505e-01
   2.3676692e-01   1.0521883e+00
   2.1489242e-01   9.5823648e-01
   2.3360839e-01   1.1019952e+00
   2.3391529e-01   9.5347791e-01
   2.1985246e-01   1.0040209e+00
   2.3614679e-01   8.7116966e-01
   2.1323564e-01   9.2568051e-01
   2.1650944e-01   9.0674046e-01
   2.3754435e-01   1.0145083e+00
   2.3466274e-01   8.8487310e-01
   2.3654036e-01   9.7134013e-01
   2.3146629e-01   8.7186851e-01
   2.2625453e-01   8.5413445e-01
   2.2233019e-01   1.0219059e+00
   2.2732517e-01   8.3043920e-01
   2.2543789e-01   9.1267714e-01
   2.1470135e-01   8.2758271e-01
   2.2919379e-01   8.5531596e-01
   2.2416247e-01   8.7397043e-01
   2.2850482e-01   8.2468772e-01
   2.2193498e-01   8.1057291e-01
   6.3423529e-01   9.9137559e-01
   6.2722909e-01   8.9519738e-01
   6.3486050e-01   8.4156746e-01
   6.3607006e-01   1.0013654e+00
   6.4453695e-01   1.2215198e+00
   6.4090449e-01   1.3066508e+00
   6.3162186e-01   1.2642161e+00
   6.4018995e-01   1.3544765e+00
   6.3022621e-01   1.6731729e+00
   6.3281589e-01   1.5636344e+00
   6.4091422e-01   1.7179079e+00
   6.3815537e-01   1.8199076e+00
   6.2011316e-01   1.9747876e+00
   6.3267013e-01   2.0376242e+00
   6.2441743e-01   1.9971765e+00
   6.3074187e-01   2.0611073e+00
   6.4219830e-01   2.1367889e+00
   6.4131223e-01   2.1653836e+00
   6.2581764e-01   2.2289986e+00
   6.3177148e-01   2.2709312e+00
   6.2054492e-01   2.4170767e+00
   6.2213460e-01   2.4285067e+00
   6.3034724e-01   2.3664357e+00
   6.3642613e-01   2.4207956e+00
   6.2201713e-01   2.3666212e+00
   6.3686581e-01   2.5178132e+00
   6.2061961e-01   2.5639631e+00
   6.2623889e-01   2.4679000e+00
   6.4370016e-01   2.7026409e+00
   6.3196140e-01   2.6526693e+00
   6.2051898e-01   2.5541800e+00
   6.3827392e-01   2.6565173e+00
   6.2321028e-01   2.7405016e+00
   6.4100346e-01   2.5932639e+00
   6.2293316e-01   2.6117068e+00
   6.2345792e-01   2.6111561e+00
   6.2215277e-01   2.6539995e+00
   6.4290787e-01   2.8232958e+00
   6.2034653e-01   2.6885820e+00
   6.3513678e-01   2.7316390e+00
   6.2230267e-01   2.6446136e+00
   6.4068421e-01   2.8319293e+00
   6.3196144e-01   2.8728634e+00
   6.2597398e-01   2.8882562e+00
   6.2425510e-01   2.8454839e+00
   6.3551374e-01   2.7782800e+00
   6.4340755e-01   2.8325441e+00
   6.3246109e-01   2.8054647e+00
   6.4428820e-01   2.8198091e+00
   6.4429758e-01   2.7369541e+00
   6.3746460e-01   2.7324243e+00
   6.2369348e-01   2.8135784e+00
   6.3584471e-01   2.8011914e+00
   6.4188689e-01   2.8341972e+00
   6.2482667e-01   2.9013194e+00
   6.2262416e-01   2.8013195e+00
   6.2181618e-01   2.7685853e+00
   6.2261246e-01   2.8798404e+00
   6.2022384e-01   2.8026077e+00
   6.2771011e-01   2.8086325e+00
   6.3914296e-01   2.7466979e+00
   6.2770513e-01   2.9082798e+00
   6.2243574e-01   2.9134917e+00
   6.3570776e-01   2.9733641e+00
   6.3214804e-01   2.9300451e+00
   6.3503687e-01   2.9652491e+00
   6.4079773e-01   2.9591308e+00
   6.2086732e-01   2.9244701e+00
   6.3644742e-01   2.9407321e+00
  -1.2194542e-01   2.8364088e+00
  -1.2000288e-01   2.8740363e+00
  -1.1809286e-01   2.8008735e+00
  -1.0365651e-01   2.6144224e+00
  -1.2031523e-01   2.3586008e+00
  -1.0696520e-01   2.2650294e+00
  -1.1958690e-01   2.2051419e+00
  -1.0173841e-01   1.9358024e+00
  -1.1259317e-01   1.8334187e+00
  -1.0924298e-01   1.5380975e+00
  -1.0541583e-01   1.3633083e+00
  -1.0630291e-01   1.2679140e+00
  -1.2548152e-01   1.2246529e+00
  -1.2027115e-01   9.6367347e-01
  -1.1944376e-01   1.0705019e+00
  -1.0293176e-01   9.4648414e-01
  -1.2029042e-01   7.0588041e-01
  -1.1800709e-01   7.4789711e-01
  -1.1961452e-01   7.3071418e-01
  -1.0077923e-01   5.0811693e-01
  -1.1336660e-01   4.6589611e-01
  -1.0548501e-01   4.6352022e-01
  -1.1512043e-01   4.0624449e-01
  -1.2290145e-01   1.7219331e-01
  -1.0632141e-01   2.5627343e-01
  -1.1592811e-01   1.8381913e-01
  -1.0222082e-01   1.6215209e-01
  -1.0235749e-01   2.0821312e-01
  -1.1839066e-01   1.6496828e-01
  -1.0295760e-01   1.7276002e-02
  -1.2463145e-01   6.5171771e-02
  -1.2047880e-01  -1.3159534e-01
  -1.1852157e-01  -1.7011674e-01
  -1.1642040e-01  -1.2655911e-01
  -1.1799851e-01  -2.1554285e-01
  -1.0332222e-01  -1.7039570e-01
  -1.0618147e-01  -7.5601640e-02
  -1.0715190e-01  -7.6927478e-02
  -1.1932860e-01  -2.0734293e-01
  -1.0536248e-01  -1.2545732e-01
  -1.1367563e-01  -1.2244604e-01
  -1.1263909e-01  -2.1469918e-01
  -1.0691016e-01  -2.0244896e-01
  -1.1140132e-01  -1.9401361e-01
  -1.1839663e-01  -3.7636649e-01
  -1.1517730e-01  -3.8475782e-01
  -1.0289404e-01  -2.1175561e-01
  -1.2279762e-01  -3.2586730e-01
  -1.0643698e-01  -3.5724256e-01
  -1.2034745e-01  -4.1899755e-01
  -1.2079596e-01  -2.4052728e-01
  -1.1398256e-01  -3.2938961e-01
  -1.1274895e-01  -3.2757647e-01
  -1.0299385e-01  -4.4136373e-01
  -1.0873415e-01  -4.4401423e-01
  -1.1532148e-01  -3.0248811e-01
  -1.1745349e-01  -3.1549578e-01
  -1.0727357e-01  -4.0928107e-01
  -1.2201667e-01  -3.7071745e-01
  -1.2320952e-01  -3.6070544e-01
  -1.1603161e-01  -3.4868090e-01
  -1.1615453e-01  -3.8682844e-01
  -1.1412799e-01  -4.0784981e-01
  -1.1693431e-01  -3.5441978e-01
  -1.0538838e-01  -4.3068500e-01
  -1.0900587e-01  -2.7772484e-01
  -1.0953018e-01  -3.3605687e-01
  -1.2472244e-01  -5.0785898e-01
  -1.1522342e-01  -4.5233993e-01
  -7.6712230e-01  -4.4194425e-01
  -7.6144743e-01  -4.4807137e-01
  -7.4712389e-01  -5.2496626e-01
  -7.4884439e-01  -3.4273092e-01
  -7.5609536e-01  -4.9246150e-01
  -7.6482886e-01  -5.4900691e-01
  -7.6034135e-01  -4.6780437e-01
  -7.5593541e-01  -4.4745597e-01
  -7.6433796e-01  -4.4060975e-01
  -7.6649522e-01  -5.0444924e-01
  -7.6813790e-01  -5.1649569e-01
  -7.4448106e-01  -6.0233799e-01
  -7.6077218e-01  -7.2481702e-01
  -7.5596546e-01  -7.1236868e-01
  -7.5708490e-01  -6.2704470e-01
  -7.6019719e-01  -6.7789017e-01
  -7.5231284e-01  -6.4106768e-01
  -7.6240187e-01  -7.5876135e-01
  -7.5837221e-01  -6.9521064e-01
  -7.5095907e-01  -7.3192207e-01
  -7.5712585e-01  -6.3622182e-01
  -7.6425269e-01  -6.2442586e-01
  -7.5578011e-01  -7.8282058e-01
  -7.4415348e-01  -6.2971244e-01
  -7.6340965e-01  -7.4175464e-01
  -7.6284453e-01  -7.8302736e-01
  -7.6261541e-01  -6.3989797e-01
  -7.4273857e-01  -7.7130586e-01
  -7.6381426e-01  -7.6806773e-01
  -7.6740955e-01  -7.3014804e-01
  -7.6533318e-01  -7.9125773e-01
  -7.4766083e-01  -6.8661313e-01
  -7.5960837e-01  -7.6241804e-01
  -7.4686306e-01  -8.1650328e-01
  -7.5045351e-01  -7.8216178e-01
  -7.6492951e-01  -6.6857987e-01
  -7.5706323e-01  -7.9478970e-01
  -7.5799006e-01  -8.3159470e-01
  -7.6189306e-01  -8.0363090e-01
  -7.4590443e-01  -8.5458998e-01
  -7.5634658e-01  -7.9363923e-01
  -7.6080348e-01  -9.1182077e-01
  -7.5558852e-01  -7.8362102e-01
  -7.4329983e-01  -7.9034320e-01
  -7.6191521e-01  -8.5669107e-01
  -7.5978141e-01  -8.4357617e-01
  -7.6667500e-01  -7.7066332e-01
  -7.4288670e-01  -7.0955896e-01
  -7.6101525e-01  -7.4950585e-01
  -7.4356978e-01  -6.9779243e-01
  -7.6611831e-01  -9.2494242e-01
  -7.6311644e-01  -7.6083447e-01
  -7.5630335e-01  -7.0978155e-01
  -7.5128010e-01  -9.0911499e-01
  -7.5513438e-01  -6.9772125e-01
  -7.6328515e-01  -8.9433511e-01
  -7.6474203e-01  -7.8489713e-01
  -7.4275056e-01  -7.7011035e-01
  -7.6014837e-01  -7.0894333e-01
  -7.6691826e-01  -8.6220002e-01
  -7.6715076e-01  -8.9644091e-01
  -7.4634373e-01  -8.2185848e-01
  -7.6769700e-01  -8.7415479e-01
  -7.4255589e-01  -6.9913149e-01
  -7.6088568e-01  -7.3540259e-01
  -7.4438326e-01  -8.5298835e-01
  -7.5845861e-01  -9.1520727e-01
  -7.5126736e-01  -8.5574308e-01
  -7.5026096e-01  -8.6691382e-01
  -8.6169726e-01  -9.2112823e-01
  -8.3779492e-01  -8.4788877e-01
  -8.5494517e-01  -8.5654804e-01
  -8.5690766e-01  -7.0492361e-01
  -8.5528399e-01  -7.8750903e-01
  -8.4065507e-01  -5.8226061e-01
  -8.4221847e-01  -6.1762238e-01
  -8.4278978e-01  -6.9174937e-01
  -8.4058076e-01  -5.4314975e-01
  -8.4772213e-01  -6.1611791e-01
  -8.3994487e-01  -3.7752829e-01
  -8.5007440e-01  -5.6799571e-01
  -8.5801901e-01  -4.3626852e-01
  -8.4917926e-01  -4.5143174e-01
  -8.3893589e-01  -4.6080192e-01
  -8.4093229e-01  -2.5766321e-01
  -8.4760509e-01  -3.5810162e-01
  -8.5209585e-01  -4.2612006e-01
  -8.5999490e-01  -2.5604288e-01
  -8.4922210e-01  -3.0281944e-01
  -8.6024484e-01  -2.1295264e-01
  -8.5532840e-01  -3.4560086e-01
  -8.4746501e-01  -2.2737958e-01
  -8.4495446e-01  -2.4553720e-01
  -8.5954975e-01  -2.3367541e-01
  -8.3837258e-01  -2.0525059e-01
  -8.4346122e-01  -2.1406634e-01
  -8.6078780e-01  -2.3858952e-01
  -8.5127931e-01  -1.6793504e-01
  -8.4782613e-01  -9.1193466e-02
  -8.4685574e-01  -1.0761974e-01
  -8.5819906e-01  -6.3013874e-02
  -8.4905316e-01  -1.6966581e-01
  -8.5259178e-01  -1.3162693e-01
  -8.5476368e-01  -7.7588867e-02
  -8.5245754e-01  -1.5223065e-01
  -8.5196623e-01  -8.7988991e-02
  -8.5456006e-01  -1.0307988e-01
  -8.5079534e-01  -1.9290771e-02
  -8.5164498e-01  -7.1793048e-02
  -8.4340752e-01  -7.2144030e-02
  -8.3977137e-01  -4.0506722e-02
  -8.5141007e-01  -3.7858569e-02
  -8.5709137e-01  -9.0955755e-02
  -8.4989678e-01  -1.4555460e-01
  -8.4462440e-01   1.7711301e-02
  -8.4068129e-01  -9.4326738e-02
  -8.4139281e-01  -1.3583007e-01
  -8.5748113e-01  -2.0728782e-02
  -8.3869673e-01  -9.7136018e-02
  -8.4593390e-01  -1.7408443e-01
  -8.6188589e-01  -1.1235567e-01
  -8.3902101e-01  -1.2725389e-01
  -8.5995913e-01  -1.0932692e-03
  -8.4843459e-01  -4.6940779e-02
  -8.5943649e-01  -1.6393742e-01
  -8.5308933e-01  -1.1027792e-01
  -8.4410248e-01   1.3727504e-02
  -8.5948867e-01   4.3243840e-02
  -8.6139671e-01  -1.7231452e-01
  -8.5512695e-01  -1.9025212e-01
  -8.3967902e-01  -1.6148378e-01
  -8.3877769e-01  -8.3564137e-02
  -8.4439869e-01  -1.3022672e-01
  -8.3757786e-01  -1.2807388e-01
  -8.5975972e-01  -1.5696171e-01
  -8.5641078e-01  -1.7449410e-01
  -8.5641255e-01  -1.4817180e-01
  -8.4742064e-01   3.0771569e-02
  -9.6651294e-02  -1.1379426e-01
  -1.0105424e-01  -1.4033845e-01
  -1.0280217e-01  -9.4756150e-02
  -1.0006130e-01  -5.1439970e-02
  -1.0353533e-01  -2.1520005e-01
  -1.0288571e-01  -7.0468116e-02
  -8.6840186e-02  -1.1473054e-01
  -8.3972708e-02  -8.2645732e-02
  -1.0658535e-01  -1.4921800e-01
  -9.1118331e-02  -1.3824931e-01
  -1.0483506e-01  -7.9321785e-02
  -9.5414085e-02  -2.0617476e-01
  -8.3650363e-02  -2.6093340e-01
  -8.3804528e-02  -2.7048850e-01
  -8.9537973e-02  -2.7324223e-01
  -1.0578150e-01  -1.4892745e-01
  -1.0189821e-01  -1.5392155e-01
  -9.6219668e-02  -2.3128906e-01
  -1.0427024e-01  -3.3762376e-01
  -9.7425060e-02  -3.3136451e-01
  -8.9803347e-02  -3.3803061e-01
  -1.0037633e-01  -1.5857738e-01
  -1.0151855e-01  -3.0552755e-01
  -8.2637386e-02  -2.2004616e-01
  -8.4787116e-02  -2.0575604e-01
  -1.0736435e-01  -1.9437086e-01
  -8.6838034e-02  -2.7770619e-01
  -9.0698170e-02  -4.1962345e-01
  -8.7299711e-02  -2.6881029e-01
  -8.8381133e-02  -2.5036764e-01
  -8.3276216e-02  -2.2429831e-01
  -1.0126035e-01  -2.6746278e-01
  -9.6168747e-02  -3.0427032e-01
  -8.7106769e-02  -3.0815371e-01
  -1.0568727e-01  -2.8460308e-01
  -8.2786798e-02  -3.7766682e-01
  -8.3234577e-02  -2.6574530e-01
  -8.4680781e-02  -3.5643643e-01
  -1.0529622e-01  -2.4490420e-01
  -8.3134713e-02  -2.7172875e-01
  -9.9189034e-02  -2.5965237e-01
  -8.6086220e-02  -3.5065709e-01
  -9.2006020e-02  -4.3237735e-01
  -8.8040434e-02  -2.9447314e-01
  -1.0685515e-01  -4.2055632e-01
  -9.3454641e-02  -3.4906077e-01
  -9.6823374e-02  -4.3949144e-01
  -8.7972752e-02  -2.9709461e-01
  -8.7209178e-02  -2.9784087e-01
  -1.0167429e-01  -2.7650419e-01
  -9.1569341e-02  -4.1469396e-01
  -1.0243868e-01  -2.3346926e-01
  -9.8511391e-02  -4.0401107e-01
  -1.0425582e-01  -2.9105766e-01
  -1.0646708e-01  -2.7921074e-01
  -8.5263252e-02  -3.8592243e-01
  -8.2305310e-02  -4.0671654e-01
  -9.5375425e-02  -2.4734280e-01
  -1.0152347e-01  -2.4732962e-01
  -9.7450055e-02  -3.5144915e-01
  -8.8082878e-02  -4.2656215e-01
  -8.3894167e-02  -4.2158017e-01
  -1.0224756e-01  -3.2597390e-01
  -8.2227364e-02  -3.9457262e-01
  -8.4572053e-02  -4.1520628e-01
  -1.0459608e-01  -4.3814853e-01
  -8.2709490e-02  -3.8832977e-01
  -1.0482155e-01  -4.4880879e-01
  -8.8540113e-02  -3.0107108e-01
  -7.1918416e-01  -3.0975713e-01
  -7.3226098e-01  -2.8393185e-01
  -7.1666964e-01  -2.4841383e-01
  -7.2227722e-01  -4.5418707e-01
  -7.1777949e-01  -5.4231648e-01
  -7.2915162e-01  -5.2336682e-01
  -7.2823784e-01  -4.0257279e-01
  -7.2114140e-01  -4.3760749e-01
  -7.2482769e-01  -4.9988565e-01
  -7.2058047e-01  -6.9395429e-01
  -7.2486095e-01  -7.4485469e-01
  -7.1922567e-01  -5.9391590e-01
  -7.1215064e-01  -6.8123699e-01
  -7.3249478e-01  -7.4815230e-01
  -7.0880388e-01  -7.8204595e-01
  -7.1278195e-01  -7.5419947e-01
  -7.2093423e-01  -7.9083671e-01
  -7.2397369e-01  -7.0876390e-01
  -7.2919326e-01  -7.9598903e-01
  -7.3228947e-01  -8.1496640e-01
  -7.2905883e-01  -8.4754906e-01
  -7.1617522e-01  -8.7145091e-01
  -7.1410228e-01  -9.7085215e-01
  -7.1572196e-01  -9.1388556e-01
  -7.0982179e-01  -7.7983054e-01
  -7.2486788e-01  -8.2928049e-01
  -7.0823637e-01  -9.2245729e-01
  -7.2537977e-01  -8.5173969e-01
  -7.1730374e-01  -1.0188699e+00
  -7.1438734e-01  -1.0224995e+00
  -7.0716061e-01  -9.2753937e-01
  -7.3119021e-01  -9.7068302e-01
  -7.1419254e-01  -9.4403170e-01
  -7.1863780e-01  -9.5939254e-01
  -7.1098624e-01  -1.0576242e+00
  -7.2503141e-01  -9.0840843e-01
  -7.1744035e-01  -9.7129348e-01
  -7.0786935e-01  -1.0635378e+00
  -7.2971778e-01  -1.0401902e+00
  -7.0914574e-01  -9.9490708e-01
  -7.2570113e-01  -9.4718856e-01
  -7.0668823e-01  -9.6980674e-01
  -7.2436141e-01  -1.0093563e+00
  -7.2320630e-01  -9.7225619e-01
  -7.3049632e-01  -8.8570378e-01
  -7.2536956e-01  -1.0006095e+00
  -7.2367228e-01  -1.0060906e+00
  -7.3083431e-01  -8.9631323e-01
  -7.1564357e-01  -8.9645534e-01
  -7.2590959e-01  -1.0508251e+00
  -7.1650531e-01  -9.2125686e-01
  -7.0666199e-01  -9.9515813e-01
  -7.0800744e-01  -9.5252171e-01
  -7.2827950e-01  -1.0725425e+00
  -7.1439448e-01  -1.0639238e+00
  -7.2261926e-01  -9.5735939e-01
  -7.1127870e-01  -1.0716825e+00
  -7.2873746e-01  -9.0826373e-01
  -7.2310217e-01  -9.6019425e-01
  -7.0935996e-01  -1.0722795e+00
  -7.3007288e-01  -1.1221945e+00
  -7.2386050e-01  -9.3003468e-01
  -7.2809463e-01  -1.0874423e+00
  -7.3156611e-01  -1.0331647e+00
  -7.1440445e-01  -1.1018127e+00
  -7.1566599e-01  -1.0580791e+00
  -7.0838213e-01  -9.3497384e-01
  -7.1644242e-01  -9.3953877e-01
  -7.1805280e-01  -1.0649290e+00
  -2.7341781e-01  -9.6040534e-01
  -2.6940245e-01  -1.1069911e+00
  -2.8724277e-01  -1.0653763e+00
  -2.8435033e-01  -1.0690454e+00
  -2.8627501e-01  -1.0558090e+00
  -2.6933982e-01  -1.0488667e+00
  -2.7849854e-01  -1.0946634e+00
  -2.7701436e-01  -9.0772880e-01
  -2.8010528e-01  -1.1257286e+00
  -2.9025678e-01  -1.1033668e+00
  -2.9271004e-01  -9.4812762e-01
  -2.8384733e-01  -1.0864957e+00
  -2.8462462e-01  -1.1170375e+00
  -2.8556444e-01  -9.1103861e-01
  -2.8454713e-01  -1.0706746e+00
  -2.9013307e-01  -9.3156008e-01
  -2.8277665e-01  -9.0166912e-01
  -2.7715360e-01  -1.0960789e+00
  -2.8978648e-01  -1.0837681e+00
  -2.6837177e-01  -9.5500200e-01
  -2.7004351e-01  -1.0809241e+00
  -2.7603450e-01  -1.0228786e+00
  -2.8162920e-01  -9.9927179e-01
  -2.8897647e-01  -9.3911811e-01
  -2.8699077e-01  -9.0105872e-01
  -2.8146658e-01  -8.7914507e-01
  -2.8225157e-01  -9.1575317e-01
  -2.7116305e-01  -1.0590789e+00
  -2.7338401e-01  -1.0305135e+00
  -2.8608527e-01  -9.3070759e-01
  -2.9183729e-01  -1.0974671e+00
  -2.7575985e-01  -1.1032585e+00
  -2.8481089e-01  -1.0028600e+00
  -2.8712290e-01  -9.4142817e-01
  -2.8504883e-01  -1.0816295e+00
  -2.7336577e-01  -1.0838845e+00
  -2.9407217e-01  -9.8833145e-01
  -2.8235852e-01  -9.1131552e-01
  -2.8541904e-01  -1.1029651e+00
  -2.7820173e-01  -9.8102892e-01
  -2.8924635e-01  -8.9588747e-01
  -2.8454149e-01  -9.4272520e-01
  -2.8452628e-01  -1.0924011e+00
  -2.7087741e-01  -1.0658894e+00
  -2.8241169e-01  -9.7039154e-01
  -2.8755624e-01  -9.8165671e-01
  -2.7197723e-01  -1.0388937e+00
  -2.8254594e-01  -1.0631133e+00
  -2.8317299e-01  -1.0119910e+00
  -2.6838168e-01  -1.0073835e+00
  -2.6896635e-01  -1.0026612e+00
  -2.7834148e-01  -9.8633274e-01
  -2.9127030e-01  -1.0583308e+00
  -2.7510869e-01  -1.1003222e+00
  -2.7177130e-01  -9.0535303e-01
  -2.7789850e-01  -8.8115673e-01
  -2.7305622e-01  -9.6012179e-01
  -2.9070278e-01  -1.0477215e+00
  -2.7428227e-01  -1.0937042e+00
  -2.9361815e-01  -9.7312103e-01
  -2.8357586e-01  -8.7476470e-01
  -2.8740413e-01  -8.8681570e-01
  -2.8744527e-01  -9.7042270e-01
  -2.7992122e-01  -8.9931346e-01
  -2.8235416e-01  -1.0631311e+00
  -2.7736868e-01  -1.0654490e+00
  -2.7169980e-01  -9.8732353e-01
  -2.7315785e-01  -9.3041441e-01
  -2.8816835e-01  -1.0152619e+00
  -2.3019336e-01  -8.6892787e-01
  -2.3935317e-01  -9.3869560e-01
  -2.2706774e-01  -9.1001610e-01
  -2.4340935e-01  -1.0339071e+00
  -2.3909552e-01  -1.0508412e+00
  -2.2837985e-01  -8.8642981e-01
  -2.2862244e-01  -1.0542621e+00
  -2.3657933e-01  -9.4217479e-01
  -2.2225922e-01  -8.7861364e-01
  -2.3025874e-01  -9.0442143e-01
  -2.2873872e-01  -8.2820093e-01
  -2.3603310e-01  -9.1620865e-01
  -2.3890177e-01  -1.0120808e+00
  -2.4323321e-01  -9.7092619e-01
  -2.2626103e-01  -9.7601247e-01
  -2.2027189e-01  -8.8584035e-01
  -2.2550155e-01  -9.0115517e-01
  -2.2304624e-01  -7.9025548e-01
  -2.2244370e-01  -9.4058280e-01
  -2.3609185e-01  -7.7295376e-01
  -2.4326589e-01  -8.2905051e-01
  -2.4530454e-01  -9.6509209e-01
  -2.2638296e-01  -8.7688908e-01
  -2.3884540e-01  -8.0822223e-01
  -2.4067356e-01  -8.0936384e-01
  -2.2484537e-01  -7.5183999e-01
  -2.3900164e-01  -9.2500956e-01
  -2.4453961e-01  -9.3723843e-01
  -2.2427720e-01  -7.9640849e-01
  -2.4534589e-01  -8.4235893e-01
  -2.3816170e-01  -8.1310489e-01
  -2.3581772e-01  -7.9998132e-01
  -2.2367288e-01  -7.7401083e-01
  -2.2309819e-01  -7.6923563e-01
  -2.3992740e-01  -7.2912610e-01
  -2.3040564e-01  -8.7367581e-01
  -2.4237799e-01  -8.2616573e-01
  -2.3391127e-01  -8.9704309e-01
  -2.2109864e-01  -9.5799308e-01
  -2.2007726e-01  -7.8470611e-01
  -2.3002515e-01  -8.5648475e-01
  -2.4453608e-01  -7.5231815e-01
  -2.3396401e-01  -9.3777243e-01
  -2.4161597e-01  -9.5686940e-01
  -2.4254762e-01  -8.8048455e-01
  -2.3606667e-01  -7.3824666e-01
  -2.3094295e-01  -9.1845356e-01
  -2.2658790e-01  -7.3699660e-01
  -2.2449020e-01  -7.3802473e-01
  -2.4185191e-01  -7.7522611e-01
  -2.2725881e-01  -8.6287626e-01
  -2.3861358e-01  -9.2019927e-01
  -2.3214951e-01  -7.5858161e-01
  -2.3245942e-01  -7.6892860e-01
  -2.4299167e-01  -7.9507393e-01
  -2.2990329e-01  -9.4842636e-01
  -2.4137106e-01  -8.6217948e-01
  -2.4447040e-01  -7.1645937e-01
  -2.2860752e-01  -9.2957420e-01
  -2.2665556e-01  -8.8427034e-01
  -2.2230525e-01  -8.6483233e-01
  -2.1974758e-01  -8.8520252e-01
  -2.3872211e-01  -8.9590091e-01
  -2.2300550e-01  -8.1699972e-01
  -2.2179512e-01  -7.1728363e-01
  -2.2871740e-01  -7.7005589e-01
  -2.2539321e-01  -7.5939661e-01
  -2.4476055e-01  -8.1203516e-01
  -2.3056041e-01  -7.6583926e-01
   2.7461267e-01  -8.6961476e-01
   2.8175421e-01  -8.2829237e-01
   2.6128338e-01  -8.2773417e-01
   2.8439796e-01  -7.1650499e-01
   2.8433527e-01  -5.2272782e-01
   2.6395027e-01  -4.4535267e-01
   2.8471625e-01  -4.4984366e-01
   2.8100973e-01  -3.4621267e-01
   2.7648185e-01  -2.7992946e-01
   2.8339877e-01  -2.0404769e-01
   2.7608849e-01   5.1354155e-04
   2.6069894e-01   1.4603869e-01
   2.8006464e-01   1.9334051e-01
   2.7465486e-01   1.4078080e-01
   2.7192650e-01   1.9933353e-01
   2.6762776e-01   3.2067420e-01
   2.6773453e-01   4.4885197e-01
   2.7490174e-01   3.9489928e-01
   2.8056501e-01   4.1813775e-01
   2.7396934e-01   5.7778513e-01
   2.6692499e-01   5.0674917e-01
   2.6842679e-01   6.6508316e-01
   2.7288984e-01   5.5734323e-01
   2.6644672e-01   6.0930200e-01
   2.7153647e-01   6.0681037e-01
   2.5999562e-01   6.8773844e-01
   2.6503392e-01   6.4139135e-01
   2.6753738e-01   7.6929802e-01
   2.7856504e-01   6.6440870e-01
   2.6534260e-01   7.7657079e-01
   2.7699681e-01   8.6624596e-01
   2.8518611e-01   7.2927404e-01
   2.6286578e-01   7.6779850e-01
   2.6589183e-01   7.9263721e-01
   2.7721879e-01   9.3011877e-01
   2.6268369e-01   7.9776232e-01
   2.8563255e-01   8.2691966e-01
   2.8444581e-01   8.0833552e-01
   2.7946891e-01   9.2482170e-01
   2.7264782e-01   8.1987135e-01
   2.7268195e-01   1.0227452e+00
   2.7823534e-01   1.0208082e+00
   2.8444081e-01   8.4806637e-01
   2.8480177e-01   8.8008178e-01
   2.6916597e-01   9.8003685e-01
   2.7163832e-01   1.0613863e+00
   2.8499134e-01   8.4357438e-01
   2.8112364e-01   8.5768583e-01
   2.6035910e-01   1.0019223e+00
   2.7458443e-01   8.6280371e-01
   2.8182896e-01   1.0354799e+00
   2.7930126e-01   9.5096532e-01
   2.7533077e-01   1.0927673e+00
   2.6449134e-01   1.0376733e+00
   2.8360781e-01   1.0528091e+00
   2.7490077e-01   9.4048352e-01
   2.7155963e-01   9.3838534e-01
   2.7126884e-01   1.0802620e+00
   2.8522683e-01   1.0683769e+00
   2.6343709e-01   8.8547858e-01
   2.7399989e-01   8.9364546e-01
   2.7362706e-01   9.1902632e-01
   2.8106636e-01   9.2272417e-01
   2.6086630e-01   1.0451289e+00
   2.8310703e-01   9.5217708e-01
   2.6203990e-01   1.1139155e+00
   2.8280946e-01   1.1221262e+00
   2.8227678e-01   9.8137051e-01
   2.7649455e-01   1.1180772e+00
  -7.9954427e-01   9.2378222e-01
  -8.0651190e-01   9.6415750e-01
  -7.9992117e-01   1.0152589e+00
  -8.1223365e-01   7.8270848e-01
  -7.9957121e-01   8.6991940e-01
  -8.0708633e-01   8.3200082e-01
  -8.1229064e-01   6.2312750e-01
  -7.9458325e-01   5.0983714e-01
  -7.9519647e-01   4.6835240e-01
  -8.1549240e-01   5.5334779e-01
  -8.0884518e-01   3.2806796e-01
  -8.1664376e-01   4.0283823e-01
  -8.0804652e-01   2.4836059e-01
  -8.0710544e-01   1.9084714e-01
  -8.0389559e-01   7.9317711e-02
  -8.0848716e-01   2.2923746e-01
  -7.9440333e-01   1.3769226e-02
  -8.0564833e-01  -1.8531531e-02
  -8.0423363e-01  -7.5988166e-03
  -7.9445584e-01  -1.0805214e-01
  -8.0934189e-01  -1.4065541e-01
  -7.9530773e-01   2.7335962e-02
  -7.9965368e-01  -2.3313421e-02
  -7.9538479e-01  -8.1111514e-02
  -8.1337314e-01  -2.7430868e-01
  -7.9494004e-01  -8.5794452e-02
  -8.0437160e-01  -1.7601937e-01
  -8.0406496e-01  -1.0694721e-01
  -8.0313219e-01  -1.1993433e-01
  -7.9759973e-01  -1.4554498e-01
  -7.9570284e-01  -1.9591499e-01
  -8.0465297e-01  -1.8071124e-01
  -8.0137994e-01  -3.4498996e-01
  -8.1289626e-01  -2.9262836e-01
  -8.1212099e-01  -2.1226384e-01
  -8.1578950e-01  -2.8646521e-01
  -8.1458683e-01  -3.1032808e-01
  -8.0270908e-01  -3.4026635e-01
  -8.1690263e-01  -4.3574920e-01
  -8.0535372e-01  -4.1040371e-01
  -8.0593346e-01  -3.7971784e-01
  -8.1054134e-01  -3.3135818e-01
  -8.0561483e-01  -4.6078442e-01
  -7.9313531e-01  -4.5306072e-01
  -8.1792748e-01  -4.4144760e-01
  -8.0554786e-01  -5.1484324e-01
  -7.9568288e-01  -3.6516896e-01
  -8.0586541e-01  -2.8449385e-01
  -8.0662227e-01  -4.1086300e-01
  -7.9840739e-01  -4.0829887e-01
  -8.1358223e-01  -3.4486149e-01
  -8.1747711e-01  -4.3810514e-01
  -8.0755295e-01  -4.9621863e-01
  -8.1730685e-01  -3.5451862e-01
  -8.1655652e-01  -4.0541277e-01
  -7.9445118e-01  -3.2980400e-01
  -8.0809803e-01  -4.3258294e-01
  -8.0729827e-01  -4.9340034e-01
  -8.1127118e-01  -4.6971688e-01
  -8.0057100e-01  -3.1595522e-01
  -8.0074374e-01  -3.5319290e-01
  -7.9901545e-01  -4.1156901e-01
  -8.0321745e-01  -4.9443509e-01
  -7.9498942e-01  -5.5120671e-01
  -8.1832886e-01  -4.5084785e-01
  -7.9983547e-01  -5.0940528e-01
  -8.0521116e-01  -3.2718014e-01
  -8.1796045e-01  -4.4515483e-01
  -8.0338065e-01  -3.6275355e-01
  -1.9646397e-01  -4.4938988e-01
  -1.8728796e-01  -5.0388247e-01
  -1.9357349e-01  -5.4486205e-01
  -1.9873407e-01  -3.8129715e-01
  -1.9828627e-01  -3.7743110e-01
  -2.1005476e-01  -5.5247277e-01
  -1.9234588e-01  -5.9812117e-01
  -2.0164430e-01  -4.9969351e-01
  -2.0887639e-01  -4.3134166e-01
  -2.0936494e-01  -6.5019915e-01
  -1.8782277e-01  -4.8013911e-01
  -2.0110268e-01  -6.6967457e-01
  -2.0933759e-01  -6.0483326e-01
  -1.8696907e-01  -5.4550501e-01
  -1.8978380e-01  -6.6626858e-01
  -2.0863919e-01  -5.4178455e-01
  -1.9778918e-01  -7.3273756e-01
  -2.0556536e-01  -7.1600191e-01
  -1.8638468e-01  -6.7615393e-01
  -1.8597241e-01  -5.8923925e-01
  -1.9815516e-01  -6.0088177e-01
  -2.0822048e-01  -7.6489924e-01
  -1.9042656e-01  -6.6288608e-01
  -1.9366761e-01  -7.6753352e-01
  -1.8844905e-01  -5.9940424e-01
  -2.0135516e-01  -6.9534590e-01
  -2.1152619e-01  -7.2522973e-01
  -1.9122818e-01  -7.2714850e-01
  -2.0218295e-01  -7.5853983e-01
  -2.0384781e-01  -6.3708703e-01
  -2.0024653e-01  -6.6789320e-01
  -2.0419750e-01  -7.5572033e-01
  -2.0186817e-01  -6.9824011e-01
  -1.9834578e-01  -5.8974047e-01
  -2.0009754e-01  -5.8966643e-01
  -1.9998225e-01  -7.9382101e-01
  -1.9605393e-01  -6.6833573e-01
  -1.8780662e-01  -6.3817141e-01
  -1.8887438e-01  -6.3284811e-01
  -1.9423566e-01  -7.3660580e-01
  -1.8829602e-01  -7.2683263e-01
  -2.1185689e-01  -7.5772434e-01
  -2.1061226e-01  -7.7039535e-01
  -2.0407310e-01  -6.4479081e-01
  -1.8662977e-01  -8.1518371e-01
  -2.0131607e-01  -7.8019157e-01
  -2.0850828e-01  -6.2587019e-01
  -2.1190627e-01  -7.0172050e-01
  -1.9325255e-01  -6.6775337e-01
  -2.0144382e-01  -7.4927052e-01
  -2.0813330e-01  -6.5401438e-01
  -1.8637190e-01  -6.5098250e-01
  -1.8848088e-01  -6.5454491e-01
  -1.9184784e-01  -6.4983265e-01
  -1.9959527e-01  -7.4025632e-01
  -1.9110351e-01  -7.2204364e-01
  -1.9708553e-01  -6.9975109e-01
  -2.0503814e-01  -6.5317608e-01
  -1.8896674e-01  -7.6283803e-01
  -1.9486870e-01  -7.1814594e-01
  -1.9302201e-01  -7.9905816e-01
  -1.9472606e-01  -7.4313384e-01
  -2.1187913e-01  -6.0275141e-01
  -2.0197991e-01  -6.0716187e-01
  -1.9239579e-01  -8.1985575e-01
  -1.8997449e-01  -6.9007825e-01
  -2.0193480e-01  -6.0999446e-01
  -2.0109754e-01  -8.2371406e-01
  -1.9243082e-01  -6.3676836e-01
  -4.3632259e-02  -7.9886365e-01
  -2.7541861e-02  -6.3636386e-01
  -3.4607568e-02  -7.1783530e-01
  -3.2382243e-02  -6.0383057e-01
  -3.9473883e-02  -6.9155905e-01
  -3.3420032e-02  -5.3446396e-01
  -2.4018012e-02  -6.1218106e-01
  -4.2493376e-02  -6.2977437e-01
  -3.2707487e-02  -6.0323309e-01
  -3.5271473e-02  -3.9893985e-01
  -3.3688453e-02  -4.8354251e-01
  -2.3986005e-02  -4.4432376e-01
  -2.6835104e-02  -3.1246970e-01
  -4.1288794e-02  -5.1023539e-01
  -2.9080506e-02  -2.9431497e-01
  -4.0566712e-02  -3.4552378e-01
  -3.2066979e-02  -4.3830956e-01
  -2.6792750e-02  -4.4527824e-01
  -4.4519493e-02  -1.9620166e-01
  -3.5217385e-02  -2.3660522e-01
  -2.2569614e-02  -3.7851002e-01
  -3.3617060e-02  -3.8084664e-01
  -2.8654357e-02  -2.9346791e-01
  -4.3288095e-02  -3.2759229e-01
  -3.3240972e-02  -1.8472668e-01
  -4.4589082e-02  -2.6461235e-01
  -3.2483224e-02  -3.1525247e-01
  -3.9429940e-02  -1.7436147e-01
  -3.4653059e-02  -3.0632346e-01
  -2.2910925e-02  -1.3217549e-01
  -4.6189096e-02  -9.8451812e-02
  -4.3431602e-02  -2.5980459e-01
  -3.2367560e-02  -7.7186349e-02
  -3.7002452e-02  -3.0150773e-01
  -4.6036902e-02  -2.6402785e-01
  -3.9133626e-02  -1.8220623e-01
  -4.6377358e-02  -1.7810777e-01
  -2.2485490e-02  -8.7761047e-02
  -2.9841247e-02  -2.3308334e-01
  -3.2860253e-02  -2.4184904e-01
  -3.0842291e-02  -2.4923162e-01
  -4.5097511e-02  -2.5540754e-01
  -3.8074925e-02  -9.4352543e-02
  -3.2170221e-02  -1.2429065e-01
  -2.7312585e-02  -1.8330931e-01
  -4.4695048e-02  -1.4742411e-01
  -2.2085380e-02  -1.2885763e-01
  -3.7480319e-02  -2.1884027e-01
  -3.5887377e-02  -2.3085912e-01
  -2.7773859e-02  -4.1626855e-02
  -2.3828166e-02  -4.8877235e-02
  -2.4083538e-02  -1.1423187e-01
  -3.3076887e-02  -1.7474155e-01
  -3.0925970e-02  -6.3255694e-02
  -2.4180216e-02  -7.0419743e-02
  -4.3311260e-02  -1.5287326e-01
  -3.4581541e-02  -2.0352591e-01
  -2.2447092e-02  -1.5675447e-01
  -4.1054553e-02  -1.8744994e-01
  -2.6825268e-02  -1.8587926e-01
  -2.9382919e-02  -1.6282853e-01
  -4.5230358e-02  -2.2451553e-01
  -3.0034517e-02  -1.9207043e-01
  -3.8840766e-02  -1.9578918e-01
  -3.0177218e-02  -3.0478953e-02
  -4.7195382e-02  -2.2413176e-01
  -2.8438543e-02  -1.0724387e-01
  -4.5484649e-02  -1.7943404e-01
  -3.9954397e-02  -1.1520545e-01
  -5.7642493e-01  -2.0472494e-01
  -5.7464632e-01  -1.2452348e-02
  -5.7560830e-01  -2.3359232e-01
  -5.8140424e-01  -2.1154310e-01
  -5.8727095e-01  -3.9397442e-01
  -5.9220710e-01  -2.6061311e-01
  -5.7307471e-01  -5.4723462e-01
  -5.7187869e-01  -5.9064807e-01
  -5.9092181e-01  -4.7451840e-01
  -5.8630725e-01  -7.3787914e-01
  -5.9298289e-01  -7.2813263e-01
  -5.9403609e-01  -6.4555956e-01
  -5.8891020e-01  -9.0094852e-01
  -5.7962043e-01  -7.6642824e-01
  -5.7068383e-01  -8.9338348e-01
  -5.7403614e-01  -8.9411567e-01
  -5.7000479e-01  -1.0242858e+00
  -5.8790974e-01  -8.8732512e-01
  -5.9187158e-01  -9.3410276e-01
  -5.9037716e-01  -1.0036232e+00
  -5.8823017e-01  -1.1728932e+00
  -5.9055994e-01  -1.0612609e+00
  -5.8925711e-01  -1.0432630e+00
  -5.7602360e-01  -1.2355549e+00
  -5.7463648e-01  -1.2650025e+00
  -5.7307885e-01  -1.2703205e+00
  -5.8292670e-01  -1.1206884e+00
  -5.9376076e-01  -1.1220509e+00
  -5.7122707e-01  -1.1581288e+00
  -5.9040344e-01  -1.3061101e+00
  -5.7985626e-01  -1.1425125e+00
  -5.8870956e-01  -1.1628634e+00
  -5.8517623e-01  -1.2706381e+00
  -5.9340329e-01  -1.3984007e+00
  -5.8564608e-01  -1.2664089e+00
  -5.8282650e-01  -1.1953920e+00
  -5.8231355e-01  -1.4256908e+00
  -5.8252456e-01  -1.2933229e+00
  -5.7283003e-01  -1.2409064e+00
  -5.7975579e-01  -1.2269179e+00
  -5.7954952e-01  -1.2272158e+00
  -5.7383494e-01  -1.3557277e+00
  -5.7437295e-01  -1.2933989e+00
  -5.8159427e-01  -1.2571197e+00
  -5.7803070e-01  -1.4424188e+00
  -5.7885546e-01  -1.4021307e+00
  -5.7746165e-01  -1.2692464e+00
  -5.7899085e-01  -1.3636284e+00
  -5.8805986e-01  -1.3936793e+00
  -5.7529822e-01  -1.2914678e+00
  -5.8983493e-01  -1.2686765e+00
  -5.8986724e-01  -1.3218365e+00
  -5.9329298e-01  -1.3009562e+00
  -5.7921521e-01  -1.4717925e+00
  -5.7368554e-01  -1.2914537e+00
  -5.8392724e-01  -1.3187778e+00
  -5.7827805e-01  -1.4746838e+00
  -5.8013782e-01  -1.4267907e+00
  -5.9254172e-01  -1.3215272e+00
  -5.9517441e-01  -1.3678125e+00
  -5.7374652e-01  -1.2808749e+00
  -5.9280391e-01  -1.3770818e+00
  -5.8716506e-01  -1.4472290e+00
  -5.7468690e-01  -1.4242736e+00
  -5.9248280e-01  -1.4066684e+00
  -5.8011483e-01  -1.3294408e+00
  -5.9000655e-01  -1.4752999e+00
  -5.8751921e-01  -1.3187686e+00
  -5.7043198e-01  -1.3416576e+00
  -3.3648099e-02  -1.3509592e+00
  -3.6959346e-02  -1.4599153e+00
  -2.2387325e-02  -1.2858596e+00
  -2.0158312e-02  -1.2017646e+00
  -3.6195648e-02  -1.3324667e+00
  -2.9206104e-02  -1.1262266e+00
  -2.2468474e-02  -1.1233023e+00
  -1.7001691e-02  -9.0728399e-01
  -2.6493122e-02  -8.8676919e-01
  -3.3885953e-02  -9.0896847e-01
  -2.9230960e-02  -8.6322827e-01
  -2.7594497e-02  -7.6714602e-01
  -2.8453472e-02  -6.7036231e-01
  -1.5572249e-02  -6.6359227e-01
  -2.3433387e-02  -6.7838981e-01
  -3.5581517e-02  -7.1640539e-01
  -1.9508610e-02  -6.3844115e-01
  -2.3263064e-02  -6.2254021e-01
  -1.9336644e-02  -3.9365423e-01
  -3.1274310e-02  -4.3357842e-01
  -2.6156809e-02  -3.2882385e-01
  -1.3228655e-02  -3.5217204e-01
  -3.7407917e-02  -4.6348148e-01
  -1.8637645e-02  -3.1423255e-01
  -1.7112031e-02  -2.5843969e-01
  -3.5972105e-02  -2.8197645e-01
  -3.2225601e-02  -2.6338901e-01
  -2.3728188e-02  -1.8858706e-01
  -3.6738919e-02  -2.6500966e-01
  -1.2740720e-02  -3.2621750e-01
  -2.8651910e-02  -3.3417775e-01
  -2.9982023e-02  -1.2803608e-01
  -2.6030620e-02  -2.8077237e-01
  -3.3947189e-02  -1.5482512e-01
  -2.6599164e-02  -2.1304059e-01
  -2.1208880e-02  -1.4583724e-01
  -2.3013469e-02  -2.7375606e-01
  -3.2636039e-02  -1.0739667e-01
  -3.5227911e-02  -1.6564789e-01
  -3.7013923e-02  -2.0545666e-01
  -1.7189255e-02  -2.1084252e-01
  -1.8113263e-02  -1.6728464e-01
  -3.1479761e-02  -6.7371440e-02
  -1.2483518e-02  -1.0566094e-01
  -3.6252419e-02  -2.6270697e-01
  -1.2668404e-02  -8.7764874e-02
  -2.9981053e-02  -2.1218461e-01
  -1.6522367e-02  -7.4887861e-02
  -2.9222315e-02  -2.1633914e-01
  -2.3788147e-02  -2.1066108e-01
  -2.9028684e-02  -2.3371335e-01
  -1.8394270e-02  -2.3453343e-02
  -2.8745903e-02  -2.0564261e-01
  -3.6694163e-02  -1.6279201e-01
  -2.8295592e-02  -1.1969521e-01
  -3.3845748e-02  -1.6837753e-01
  -3.3111218e-02  -5.3569220e-02
  -1.8896951e-02   8.3964940e-05
  -1.2685327e-02  -1.0013767e-01
  -1.7840022e-02  -7.7075029e-03
  -2.6758237e-02  -6.5769515e-02
  -3.4511154e-02  -2.2520977e-01
  -3.2483076e-02  -5.0973287e-02
  -2.0906710e-02  -4.9272123e-02
  -3.0813505e-02  -1.2018907e-01
  -3.2890004e-02  -1.8517228e-01
  -3.6257479e-02  -5.4595924e-02
  -1.4714067e-02  -1.2097857e-01
  -2.3936552e-02  -5.5197762e-02
  -3.5174897e-01   1.6707792e-02
  -3.3268311e-01  -1.0727512e-01
  -3.4357536e-01  -1.9858117e-01
  -3.5409653e-01  -8.5759487e-02
  -3.5339824e-01  -3.5484262e-01
  -3.5062569e-01  -2.8161696e-01
  -3.5221641e-01  -4.2175306e-01
  -3.4491716e-01  -3.5423294e-01
  -3.5326441e-01  -3.9106248e-01
  -3.4879551e-01  -5.1393176e-01
  -3.4380511e-01  -5.7632674e-01
  -3.4376083e-01  -6.8303556e-01
  -3.2978179e-01  -5.2851199e-01
  -3.3898394e-01  -6.0848421e-01
  -3.5118160e-01  -6.4355244e-01
  -3.3221282e-01  -7.1880807e-01
  -3.2941054e-01  -8.3692486e-01
  -3.4786501e-01  -8.0533318e-01
  -3.5039531e-01  -7.6062091e-01
  -3.4132806e-01  -7.8909313e-01
  -3.4656360e-01  -9.7205659e-01
  -3.4017102e-01  -9.0537747e-01
  -3.4228594e-01  -8.4179049e-01
  -3.4876955e-01  -8.9251668e-01
  -3.4601317e-01  -9.7435959e-01
  -3.5151931e-01  -1.0616444e+00
  -3.3798075e-01  -1.0775580e+00
  -3.5448823e-01  -9.7448479e-01
  -3.3563358e-01  -1.0647708e+00
  -3.4865845e-01  -9.5225973e-01
  -3.4910428e-01  -1.0449426e+00
  -3.4848970e-01  -1.1490786e+00
  -3.4477411e-01  -9.9978548e-01
  -3.4948401e-01  -1.0592873e+00
  -3.4467936e-01  -9.9123406e-01
  -3.2948210e-01  -1.0140827e+00
  -3.5333402e-01  -1.0744666e+00
  -3.4743286e-01  -1.1988864e+00
  -3.4705795e-01  -1.0406465e+00
  -3.4139602e-01  -1.0581346e+00
  -3.3297966e-01  -1.0728065e+00
  -3.4312617e-01  -1.1837704e+00
  -3.3942048e-01  -1.1892238e+00
  -3.3813946e-01  -1.0565998e+00
  -3.3576647e-01  -1.0462891e+00
  -3.4987213e-01  -1.2006168e+00
  -3.4242964e-01  -1.2146235e+00
  -3.5348291e-01  -1.1100246e+00
  -3.4105012e-01  -1.0509435e+00
  -3.4444429e-01  -1.2215622e+00
  -3.4071308e-01  -1.1067874e+00
  -3.4974344e-01  -1.0166005e+00
  -3.5291142e-01  -1.1052008e+00
  -3.5046138e-01  -1.0708477e+00
  -3.3851316e-01  -1.1629902e+00
  -3.4204237e-01  -1.1607767e+00
  -3.3182921e-01  -1.2228558e+00
  -3.3885097e-01  -1.1042082e+00
  -3.4826438e-01  -1.0616325e+00
  -3.2891936e-01  -1.1724592e+00
  -3.5323901e-01  -1.1891942e+00
  -3.4151076e-01  -1.1375129e+00
  -3.4787015e-01  -1.1186996e+00
  -3.4932390e-01  -1.1907801e+00
  -3.4843735e-01  -1.2281222e+00
  -3.4465305e-01  -1.1205693e+00
  -3.3967312e-01  -1.2566305e+00
  -3.5116989e-01  -1.2333874e+00
  -3.5360815e-01  -1.2352992e+00
   1.1989217e-01  -1.0519878e+00
   1.3615473e-01  -1.1043424e+00
   1.3573894e-01  -9.8762011e-01
   1.3082685e-01  -1.0776717e+00
   1.4096880e-01  -1.0063160e+00
   1.3800785e-01  -8.5186771e-01
   1.3012895e-01  -7.5377525e-01
   1.1850579e-01  -7.6791530e-01
   1.3691387e-01  -6.5624427e-01
   1.3830444e-01  -4.2234841e-01
   1.3797449e-01  -4.0485029e-01
   1.2407371e-01  -3.7861457e-01
   1.1898158e-01  -2.4553485e-01
   1.1907040e-01  -2.7273335e-01
   1.4029276e-01  -2.2180892e-01
   1.3659185e-01  -1.2720494e-01
   1.4148933e-01  -1.8439967e-01
   1.2232708e-01  -7.4457276e-02
   1.3849080e-01   1.2306794e-02
   1.3480488e-01   1.6797531e-02
   1.4211162e-01   1.2930499e-01
   1.4118469e-01  -1.9595005e-02
   1.3330080e-01   9.3892164e-02
   1.2846537e-01   1.2112695e-01
   1.1754998e-01   1.5373272e-01
   1.2055201e-01   2.4449777e-01
   1.3445204e-01   2.9582623e-01
   1.2896096e-01   3.2431015e-01
   1.2159376e-01   2.4026281e-01
   1.1958668e-01   2.6637026e-01
   1.3030115e-01   2.8211428e-01
   1.2683833e-01   3.9101765e-01
   1.3090972e-01   3.8223725e-01
   1.3780233e-01   2.5298471e-01
   1.2981429e-01   3.7237821e-01
   1.3642108e-01   2.9117439e-01
   1.2887627e-01   2.5684773e-01
   1.1965942e-01   3.8067893e-01
   1.3647247e-01   3.3680855e-01
   1.2159081e-01   3.1294328e-01
   1.4179768e-01   4.3413294e-01
   1.3468713e-01   3.1249488e-01
   1.2879538e-01   2.8092586e-01
   1.4246318e-01   3.7460988e-01
   1.3734344e-01   3.1370133e-01
   1.2385319e-01   3.9748415e-01
   1.1898607e-01   4.6944277e-01
   1.1862680e-01   5.0272259e-01
   1.3598569e-01   3.4117616e-01
   1.3546571e-01   3.5744898e-01
   1.3426357e-01   3.1440652e-01
   1.2812060e-01   3.6159504e-01
   1.2478836e-01   3.2628109e-01
   1.4211292e-01   5.0074785e-01
   1.3559471e-01   3.3939263e-01
   1.3734046e-01   4.0310905e-01
   1.1982154e-01   5.1179945e-01
   1.2586238e-01   3.4121118e-01
   1.2560137e-01   4.4329823e-01
   1.3200944e-01   3.4215653e-01
   1.4218435e-01   4.7986395e-01
   1.4039227e-01   3.9772309e-01
   1.1719756e-01   4.9137996e-01
   1.1950310e-01   4.7735230e-01
   1.2371209e-01   5.5833379e-01
   1.3633785e-01   4.4042177e-01
   1.2480455e-01   3.7457900e-01
   1.3864134e-01   5.2623834e-01
   1.3590557e-01   4.0881804e-01
  -6.8659205e-02   3.7346974e-01
  -7.3034998e-02   5.2921630e-01
  -7.1232873e-02   4.4365469e-01
  -6.2671947e-02   4.5544385e-01
  -7.0939745e-02   4.5471786e-01
  -7.0178523e-02   2.7522475e-01
  -5.0081280e-02   2.9794281e-01
  -6.6248437e-02   3.8173611e-01
  -6.6272077e-02   3.1273010e-01
  -6.8368966e-02   2.8091234e-01
  -6.6393892e-02   1.2442387e-01
  -6.2394242e-02   1.5141823e-01
  -7.1184767e-02   1.7174576e-01
  -7.3532912e-02   1.4184750e-03
  -6.1142631e-02   1.6508417e-01
  -7.5028763e-02   4.8391194e-02
  -6.0775901e-02   8.3120477e-02
  -6.9462553e-02   1.1516419e-02
  -7.2677101e-02  -1.1617791e-01
  -6.5567967e-02   5.2652101e-03
  -6.9361953e-02   7.3870232e-02
  -5.4539435e-02   5.9274410e-02
  -6.6988175e-02   4.1272274e-02
  -5.8078092e-02   1.9554244e-02
  -6.3126061e-02  -3.8588823e-02
  -6.0002661e-02  -5.7523257e-02
  -7.3696604e-02  -2.2645693e-01
  -6.3578022e-02  -2.2033287e-01
  -7.0239708e-02  -1.0391389e-01
  -5.5726229e-02  -1.8909247e-02
  -5.2722389e-02  -1.9897686e-01
  -7.2964434e-02  -1.1432572e-01
  -5.7264479e-02  -1.1400701e-01
  -6.9395071e-02  -1.4551954e-01
  -6.7032063e-02  -1.2469385e-01
  -6.1440829e-02  -1.1206471e-01
  -7.3286172e-02  -6.4284335e-02
  -7.4572137e-02  -2.2659921e-01
  -7.3332382e-02  -7.4290880e-02
  -5.7688691e-02  -1.3744758e-01
  -5.6115605e-02  -1.3636938e-01
  -6.8845612e-02  -2.7678635e-01
  -5.7972528e-02  -1.5053249e-01
  -5.3891436e-02  -2.5020091e-01
  -7.1849548e-02  -8.3863426e-02
  -5.9502222e-02  -9.4097309e-02
  -6.7415717e-02  -2.4275975e-01
  -7.1012077e-02  -2.8164725e-01
  -5.8957538e-02  -2.8116298e-01
  -6.4431162e-02  -1.8628039e-01
  -7.1189830e-02  -1.0971119e-01
  -5.9222238e-02  -3.0184867e-01
  -6.3044809e-02  -1.6237157e-01
  -6.0642622e-02  -2.1239798e-01
  -5.2306713e-02  -2.4595555e-01
  -7.0315494e-02  -9.8708742e-02
  -7.4850846e-02  -1.6795262e-01
  -5.8010230e-02  -2.8691817e-01
  -6.6621643e-02  -2.4242818e-01
  -7.1914488e-02  -2.9305743e-01
  -7.0479192e-02  -2.1498368e-01
  -5.0782467e-02  -1.4592561e-01
  -6.8859145e-02  -2.1143013e-01
  -6.0521431e-02  -2.2102018e-01
  -5.3089625e-02  -2.6726995e-01
  -5.1592159e-02  -1.8899082e-01
  -6.3641005e-02  -2.8727253e-01
  -6.1796211e-02  -1.1609294e-01
  -6.0294332e-02  -2.8998737e-01
   2.4826623e-01  -2.4363450e-01
   2.2887753e-01  -2.2236157e-01
   2.3314617e-01  -1.2678932e-01
   2.3687664e-01  -5.4251610e-02
   2.5404671e-01   1.9743006e-02
   2.4361918e-01   3.6814732e-02
   2.4255814e-01   1.2799602e-01
   2.3184328e-01   1.3401660e-01
   2.3673012e-01   6.8801180e-02
   2.5123227e-01   1.1536391e-01
   2.4838645e-01   3.2410265e-01
   2.5331503e-01   3.1057780e-01
   2.5460241e-01   4.0482095e-01
   2.3553906e-01   3.1033870e-01
   2.5395674e-01   4.8616978e-01
   2.3385681e-01   3.8358335e-01
   2.4186224e-01   4.1407620e-01
   2.3160190e-01   5.2058705e-01
   2.4653490e-01   4.6397087e-01
   2.3711042e-01   6.8923761e-01
   2.5265569e-01   6.1449410e-01
   2.3242316e-01   5.3902767e-01
   2.5174580e-01   7.0473182e-01
   2.3724386e-01   7.0750758e-01
   2.4334198e-01   6.3270928e-01
   2.4673787e-01   7.4920124e-01
   2.2925463e-01   8.0707180e-01
   2.3665896e-01   6.1502774e-01
   2.3411354e-01   7.5240532e-01
   2.3719097e-01   7.4201831e-01
   2.5423341e-01   6.8697023e-01
   2.5106976e-01   8.3895229e-01
   2.3040792e-01   6.9520513e-01
   2.4169937e-01   7.5027603e-01
   2.4360794e-01   8.0138057e-01
   2.3764900e-01   8.7670750e-01
   2.4602853e-01   6.9415209e-01
   2.4179630e-01   9.0787005e-01
   2.3876082e-01   8.7791081e-01
   2.4056189e-01   9.4043639e-01
   2.4153698e-01   7.6787841e-01
   2.3966221e-01   9.2021590e-01
   2.3799228e-01   7.2222263e-01
   2.4611433e-01   8.6708143e-01
   2.4177718e-01   8.2310068e-01
   2.4752263e-01   7.8646993e-01
   2.4261919e-01   9.1017076e-01
   2.4599522e-01   7.6766350e-01
   2.3677418e-01   7.6470381e-01
   2.5229959e-01   9.4057442e-01
   2.4338375e-01   8.5353948e-01
   2.3186076e-01   8.8291278e-01
   2.4533460e-01   9.4986100e-01
   2.4516499e-01   8.9068948e-01
   2.3534439e-01   8.9997841e-01
   2.3428067e-01   8.1083722e-01
   2.4462359e-01   9.4012416e-01
   2.4793852e-01   9.8811341e-01
   2.4337568e-01   7.8522405e-01
   2.4131267e-01   9.9275313e-01
   2.3793307e-01   9.8425471e-01
   2.4196590e-01   9.0245701e-01
   2.3810049e-01   8.8520331e-01
   2.2911429e-01   8.6292949e-01
   2.3172027e-01   9.7994083e-01
   2.3120240e-01   9.0234375e-01
   2.4995751e-01   9.4993453e-01
   2.4161524e-01   9.4718889e-01
   2.4144195e-01   1.0070425e+00
   2.3131101e-01   8.6894109e-01
   2.2725293e-01   8.1523616e-01
   2.3133734e-01   8.7814557e-01
   2.2980766e-01   9.0827841e-01
   2.1601734e-01   7.8331008e-01
   2.2449240e-01   7.9484048e-01
   2.1712753e-01   9.5594115e-01
   2.1148905e-01   9.1051038e-01
   2.1417168e-01   9.1638507e-01
   2.2671656e-01   8.7082006e-01
   2.2120072e-01   8.4038179e-01
   2.3327725e-01   8.9474688e-01
   2.1619275e-01   7.8387862e-01
   2.1623475e-01   7.7460286e-01
   2.2151041e-01   8.4090329e-01
   2.2118240e-01   8.5094063e-01
   2.2455622e-01   9.1861304e-01
   2.3285873e-01   7.3695148e-01
   2.2090073e-01   8.0706162e-01
   2.2819750e-01   8.6412185e-01
   2.3206332e-01   7.7380818e-01
   2.3494623e-01   7.6224119e-01
   2.1976009e-01   8.4158783e-01
   2.2512922e-01   9.3693436e-01
   2.1040486e-01   8.3166323e-01
   2.2339017e-01   9.2965662e-01
   2.2303262e-01   8.6655096e-01
   2.2747100e-01   8.7982539e-01
   2.1878424e-01   9.4691832e-01
   2.3570948e-01   7.5005327e-01
   2.1304963e-01   8.2921842e-01
   2.2778428e-01   9.4232763e-01
   2.1517118e-01   7.4250178e-01
   2.3344248e-01   8.0693957e-01
   2.3243032e-01   9.4314061e-01
   2.1598931e-01   9.2670955e-01
   2.3113813e-01   9.0816217e-01
   2.2995894e-01   7.4586321e-01
   2.1945017e-01   8.9946442e-01
   2.2230223e-01   7.9460753e-01
   2.2623580e-01   9.4296729e-01
   2.2943733e-01   9.3934376e-01
   2.3034699e-01   9.3503224e-01
   2.1302519e-01   7.1182249e-01
   2.2533759e-01   7.3854735e-01
   2.2845709e-01   8.4896063e-01
   2.2186661e-01   9.0973228e-01
   2.2133482e-01   7.9604278e-01
   2.1716495e-01   8.9327423e-01
   2.3000053e-01   8.7472379e-01
   2.2827708e-01   9.4357349e-01
   2.3016595e-01   7.8117938e-01
   2.3098171e-01   8.8814932e-01
   2.3545326e-01   9.4086497e-01
   2.2691356e-01   8.8607566e-01
   2.2266272e-01   7.5554851e-01
   2.3560287e-01   7.1337492e-01
   2.3412928e-01   8.1798864e-01
   2.2616373e-01   8.3508577e-01
   2.3450463e-01   7.8368490e-01
   2.1050602e-01   8.2988457e-01
   2.2029878e-01   8.1954585e-01
   2.2435518e-01   7.7301161e-01
   2.3349362e-01   8.3753843e-01
   2.2660843e-01   9.2718931e-01
   2.1695267e-01   8.1558476e-01
   2.1303591e-01   8.9231811e-01
   2.3300362e-01   7.1917345e-01
   2.3368544e-01   8.4084130e-01
   3.4138095e-01   7.1176003e-01
   3.4174016e-01   8.0287187e-01
   3.6320852e-01   7.4422617e-01
   3.5742075e-01   9.8678023e-01
   3.5228364e-01   8.7511380e-01
   3.4354314e-01   8.6460773e-01
   3.5098204e-01   9.4855411e-01
   3.5166201e-01   9.4135221e-01
   3.4508710e-01   9.1254807e-01
   3.6093017e-01   1.0460626e+00
   3.6296684e-01   9.5018451e-01
   3.4134113e-01   1.0553820e+00
   3.3996408e-01   1.1648545e+00
   3.4221303e-01   1.1976519e+00
   3.5832635e-01   1.2314599e+00
   3.3921521e-01   1.0434520e+00
   3.4566670e-01   1.0395576e+00
   3.3862407e-01   1.2483297e+00
   3.6275558e-01   1.1835387e+00
   3.5433946e-01   1.2388446e+00
   3.5732599e-01   1.2560871e+00
   3.4245770e-01   1.3272757e+00
   3.5677503e-01   1.1608031e+00
   3.4583688e-01   1.2971957e+00
   3.4032107e-01   1.2264629e+00
   3.5417581e-01   1.3300543e+00
   3.5811482e-01   1.1869252e+00
   3.5270583e-01   1.2232508e+00
   3.5534962e-01   1.2110065e+00
   3.4276348e-01   1.1785705e+00
   3.4104665e-01   1.3144217e+00
   3.4732871e-01   1.2995138e+00
   3.6372020e-01   1.2393730e+00
   3.4119571e-01   1.3694523e+00
   3.5965099e-01   1.2999500e+00
   3.4091353e-01   1.3167951e+00
   3.4223821e-01   1.1796839e+00
   3.3984411e-01   1.2100559e+00
   3.6349566e-01   1.3160583e+00
   3.6279253e-01   1.2566789e+00
   3.5111486e-01   1.2313632e+00
   3.5161296e-01   1.3219367e+00
   3.6297707e-01   1.2267900e+00
   3.4008232e-01   1.2022997e+00
   3.4269459e-01   1.2512862e+00
   3.4186257e-01   1.3796153e+00
   3.5077579e-01   1.2248491e+00
   3.5706739e-01   1.3704808e+00
   3.3885554e-01   1.4218418e+00
   3.3970354e-01   1.2378997e+00
   3.5315455e-01   1.3466406e+00
   3.5002997e-01   1.2716812e+00
   3.4342535e-01   1.2975148e+00
   3.4459761e-01   1.3238274e+00
   3.5780863e-01   1.4108314e+00
   3.4368000e-01   1.3142596e+00
   3.4983763e-01   1.3121970e+00
  -4.4253258e-01   1.4009858e+00
